3 0.30712890625 0.37486328125 0.16015625 0.2939453125
3 0.4072265625 0.30029296875 0.06640625 0.15625
3 0.69775390625 0.421875 0.0615234375 0.1484375
3 0.253173828125 0.49755859375 0.10400390625 0.185546875
2 0.3427734375 0.693359375 0.06982421875 0.14453125
3 0.4608349609375 0.2455859375 0.0368994140625 0.06091796875
3 0.560576171875 0.506533203125 0.0382861328125 0.0722265625
3 0.5567431640625 0.41099609375 0.0377392578125 0.073662109375
3 0.50701171875 0.430107421875 0.0353662109375 0.04212890625
3 0.49396484375 0.390634765625 0.033828125 0.056376953125
3 0.18224609375 0.648671875 0.034970703125 0.04677734375
3 0.44388671875 0.40109375 0.0262939453125 0.05107421875
3 0.4715087890625 0.317685546875 0.0268505859375 0.05724609375