3 0.132568359375 0.4970703125 0.06494140625 0.16796875
3 0.230224609375 0.32861328125 0.11376953125 0.1923828125
3 0.575439453125 0.59423828125 0.06005859375 0.126953125
3 0.4191259765625 0.6354296875 0.024755859375 0.03982421875
3 0.35537109375 0.547138671875 0.0177734375 0.03345703125
3 0.2035888671875 0.60404296875 0.0144140625 0.0356640625
3 0.221796875 0.6393359375 0.02404296875 0.025322265625
3 0.2425146484375 0.66890625 0.02306640625 0.039814453125
3 0.3237744140625 0.702939453125 0.0293505859375 0.029755859375
3 0.39212890625 0.75384765625 0.020986328125 0.0506640625
3 0.471435546875 0.193564453125 0.0311767578125 0.03779296875
3 0.4002197265625 0.207509765625 0.02154296875 0.043369140625
3 0.354462890625 0.224248046875 0.0320263671875 0.05451171875
3 0.3179833984375 0.249072265625 0.024638671875 0.031630859375