1 0.27587890625 0.31884765625 0.07177734375 0.1240234375
3 0.49365234375 0.66650390625 0.1865234375 0.2001953125
3 0.734052734375 0.293984375 0.0294873046875 0.037744140625
3 0.6093359375 0.262041015625 0.036748046875 0.0324609375
3 0.5312158203125 0.35423828125 0.01904296875 0.03548828125
3 0.4540673828125 0.439599609375 0.0254541015625 0.0499609375
3 0.4318896484375 0.35494140625 0.0223828125 0.034091796875
3 0.43328125 0.30765625 0.0195947265625 0.0371875
3 0.5356787109375 0.484794921875 0.0156982421875 0.028740234375
3 0.516982421875 0.449091796875 0.0250390625 0.024287109375
3 0.476181640625 0.809775390625 0.0306201171875 0.05482421875
3 0.7440283203125 0.499853515625 0.0217138671875 0.03654296875