3 0.556884765625 0.586611328125 0.0235107421875 0.059384765625
3 0.5161474609375 0.5990234375 0.0212744140625 0.047939453125
3 0.4857373046875 0.4934375 0.031875 0.04044921875
3 0.428818359375 0.408359375 0.01736328125 0.04328125
3 0.4364892578125 0.51212890625 0.0215478515625 0.03876953125
3 0.4440966796875 0.4609375 0.018896484375 0.034052734375
3 0.36904296875 0.475166015625 0.0350732421875 0.0569140625
3 0.3683447265625 0.587451171875 0.0281005859375 0.04431640625
3 0.664091796875 0.371396484375 0.0225439453125 0.039111328125
3 0.6933154296875 0.40431640625 0.02408203125 0.037978515625
3 0.7168212890625 0.468056640625 0.01595703125 0.02875
3 0.7422802734375 0.4528515625 0.0238037109375 0.032373046875
3 0.330537109375 0.39552734375 0.02279296875 0.039931640625
3 0.6281689453125 0.396787109375 0.0214013671875 0.02849609375