3 0.467041015625 0.23046875 0.10888671875 0.1416015625
3 0.418212890625 0.595703125 0.06005859375 0.15625
3 0.5078125 0.697265625 0.06005859375 0.12890625
3 0.3795751953125 0.4066796875 0.0349365234375 0.073408203125
3 0.3479052734375 0.5736328125 0.0607666015625 0.080869140625
3 0.6197998046875 0.339169921875 0.084619140625 0.125869140625
3 0.6492333984375 0.629990234375 0.022958984375 0.07080078125
3 0.698408203125 0.442666015625 0.02376953125 0.03935546875
3 0.4778564453125 0.42802734375 0.029501953125 0.046337890625
3 0.5102880859375 0.55830078125 0.028388671875 0.05576171875
3 0.5693701171875 0.59916015625 0.030625 0.0454296875