3 0.388916015625 0.2894140625 0.0830078125 0.1416015625
3 0.5517578125 0.45166015625 0.08642578125 0.1220703125
3 0.3984375 0.73828125 0.123046875 0.158203125
3 0.4109619140625 0.423837890625 0.0363330078125 0.059169921875
3 0.2924560546875 0.683408203125 0.025859375 0.037578125
3 0.19640625 0.572109375 0.0190185546875 0.041533203125
3 0.2381201171875 0.655517578125 0.02208984375 0.035361328125
3 0.3007568359375 0.30263671875 0.022373046875 0.03830078125
3 0.3255859375 0.260791015625 0.0239404296875 0.02158203125
3 0.5436279296875 0.345732421875 0.0293701171875 0.048056640625
3 0.5786474609375 0.3008203125 0.0335546875 0.03076171875
2 0.456162109375 0.273896484375 0.053076171875 0.07123046875
3 0.4104052734375 0.5613671875 0.0207080078125 0.03400390625
3 0.5854833984375 0.719814453125 0.0360693359375 0.0383984375
3 0.5312841796875 0.75189453125 0.018759765625 0.041171875