3 0.328369140625 0.50537109375 0.0576171875 0.1123046875
3 0.4560546875 0.49658203125 0.0673828125 0.1201171875
3 0.545654296875 0.21875 0.0966796875 0.1484375
3 0.565185546875 0.70279296875 0.061318359375 0.110380859375
3 0.4397021484375 0.2858984375 0.02908203125 0.049462890625
3 0.1721337890625 0.393291015625 0.0530517578125 0.06224609375
3 0.7237255859375 0.29607421875 0.031162109375 0.067041015625
3 0.456650390625 0.683134765625 0.0328515625 0.038134765625
3 0.494384765625 0.75384765625 0.0647998046875 0.037275390625
3 0.501083984375 0.69736328125 0.023505859375 0.029765625
3 0.3683447265625 0.711025390625 0.0169384765625 0.02919921875
3 0.22291015625 0.34419921875 0.03296875 0.04888671875