3 0.530517578125 0.228515625 0.19873046875 0.1513671875
3 0.48779296875 0.31884765625 0.07421875 0.126953125
3 0.599853515625 0.5703125 0.0927734375 0.1484375
3 0.308837890625 0.56640625 0.0791015625 0.107421875
3 0.422958984375 0.472939453125 0.034658203125 0.052451171875
3 0.3551611328125 0.370419921875 0.025166015625 0.04552734375
3 0.16515625 0.482841796875 0.0312890625 0.04826171875
3 0.356416015625 0.69595703125 0.031025390625 0.054873046875
3 0.5155224609375 0.654951171875 0.0267138671875 0.045400390625
3 0.8000341796875 0.466376953125 0.0191552734375 0.0365625
3 0.7503759765625 0.3208984375 0.0310595703125 0.0575390625
3 0.2137744140625 0.37265625 0.0280859375 0.03927734375
3 0.1256787109375 0.471396484375 0.0349169921875 0.05775390625
3 0.718076171875 0.263857421875 0.015673828125 0.03330078125
3 0.26001953125 0.314912109375 0.0189208984375 0.027138671875
3 0.5998486328125 0.450478515625 0.0491845703125 0.0661328125
3 0.849140625 0.4340234375 0.0355322265625 0.061123046875