3 0.421875 0.41162109375 0.06103515625 0.1337890625
3 0.8038720703125 0.486884765625 0.0331591796875 0.046875
3 0.53595703125 0.311142578125 0.0318798828125 0.0413671875
3 0.1817578125 0.568486328125 0.0343603515625 0.049404296875
3 0.212587890625 0.533193359375 0.0145556640625 0.027880859375
3 0.224794921875 0.4430859375 0.0144140625 0.034052734375
3 0.290712890625 0.593583984375 0.0201416015625 0.034267578125
3 0.284013671875 0.697353515625 0.022373046875 0.052080078125
3 0.74095703125 0.5675 0.0278515625 0.0351171875
3 0.6517431640625 0.56248046875 0.0290966796875 0.036240234375
3 0.72763671875 0.471259765625 0.0168310546875 0.026796875
3 0.8204736328125 0.59609375 0.0362255859375 0.0337109375