3 0.196044921875 0.58984375 0.19873046875 0.388671875
3 0.343017578125 0.7275390625 0.130859375 0.1240234375
3 0.6760205078125 0.6867578125 0.0586767578125 0.053203125
3 0.5273095703125 0.492744140625 0.0212744140625 0.041845703125
3 0.5635107421875 0.475029296875 0.0155615234375 0.04380859375
3 0.5875048828125 0.44140625 0.0189111328125 0.0396484375
3 0.5582763671875 0.355908203125 0.017373046875 0.04330078125
3 0.490546875 0.635009765625 0.0191796875 0.042900390625
3 0.4149365234375 0.35201171875 0.0353564453125 0.0421875
3 0.386689453125 0.403193359375 0.0323046875 0.05806640625
3 0.4447216796875 0.436533203125 0.0357763671875 0.060556640625
3 0.4417919921875 0.5574609375 0.03103515625 0.035126953125
3 0.493271484375 0.331513671875 0.0502880859375 0.0685546875
3 0.4609716796875 0.351875 0.00466796875 0.000068359375
3 0.5522802734375 0.576845703125 0.0198828125 0.03205078125
3 0.4850390625 0.7549609375 0.05837890625 0.064052734375
3 0.3552294921875 0.552021484375 0.0208447265625 0.03484375