3 0.528564453125 0.2841796875 0.11328125 0.16796875
3 0.7759716796875 0.37572265625 0.0465478515625 0.077314453125
3 0.639052734375 0.24837890625 0.0528125 0.048642578125
3 0.5743212890625 0.501533203125 0.0204443359375 0.033193359375
3 0.168017578125 0.388271484375 0.0269677734375 0.04775390625
2 0.4770166015625 0.535126953125 0.103720703125 0.160107421875
3 0.3439990234375 0.324814453125 0.0307470703125 0.04080078125
3 0.1638330078125 0.57517578125 0.0316259765625 0.064404296875
3 0.817197265625 0.552294921875 0.016279296875 0.052138671875
3 0.85486328125 0.4153515625 0.019990234375 0.04044921875
3 0.4525341796875 0.63431640625 0.048056640625 0.03759765625