3 0.109130859375 0.45068359375 0.16259765625 0.3154296875
3 0.364501953125 0.7578125 0.08447265625 0.154296875
3 0.39990234375 0.3115234375 0.130859375 0.212890625
3 0.513916015625 0.3505859375 0.052734375 0.16796875
3 0.59033203125 0.40283203125 0.09521484375 0.1416015625
3 0.2905029296875 0.665 0.0163720703125 0.0431640625
3 0.2554150390625 0.33318359375 0.0198583984375 0.035224609375
3 0.440537109375 0.464423828125 0.0385693359375 0.060546875
3 0.50568359375 0.76654296875 0.028251953125 0.03419921875
3 0.1808544921875 0.672392578125 0.0347802734375 0.04400390625
3 0.23365234375 0.721630859375 0.0198583984375 0.03923828125