2 0.78259765625 0.50041015625 0.018505859375 0.048818359375
2 0.7372607421875 0.5594140625 0.017109375 0.024521484375
2 0.775625 0.590244140625 0.01013671875 0.027578125
2 0.6975 0.668349609375 0.0177685546875 0.0275390625
2 0.70970703125 0.651611328125 0.0122216796875 0.027548828125
2 0.6031298828125 0.560673828125 0.0189111328125 0.035400390625
2 0.6531396484375 0.495947265625 0.0207275390625 0.02873046875
2 0.5512353515625 0.44419921875 0.0334130859375 0.056376953125
2 0.707265625 0.321328125 0.02408203125 0.03662109375
2 0.6532080078125 0.352705078125 0.021982421875 0.02962890625
2 0.57404296875 0.291474609375 0.031044921875 0.038310546875
2 0.715498046875 0.216015625 0.0159912109375 0.0352734375
2 0.4418603515625 0.574482421875 0.0156982421875 0.021171875
2 0.460068359375 0.540029296875 0.011650390625 0.02759765625
2 0.438720703125 0.5256640625 0.0108154296875 0.0183984375
2 0.47673828125 0.5269140625 0.0261572265625 0.031513671875
2 0.5107080078125 0.6334765625 0.0208544921875 0.0303515625
2 0.5675537109375 0.714091796875 0.01583984375 0.036455078125
2 0.5091748046875 0.6945703125 0.0129052734375 0.024189453125
2 0.466484375 0.70740234375 0.0145751953125 0.0163671875
2 0.4318896484375 0.6464453125 0.0223828125 0.042333984375
2 0.3893408203125 0.62650390625 0.0265673828125 0.044296875
2 0.321611328125 0.56625 0.0239111328125 0.035400390625
2 0.3057080078125 0.520078125 0.0112451171875 0.029560546875
2 0.4173779296875 0.43513671875 0.00998046875 0.018720703125
2 0.324609375 0.34921875 0.0109375 0.02544921875
2 0.21984375 0.42203125 0.016787109375 0.031552734375
2 0.2084033203125 0.5178515625 0.01734375 0.036259765625
2 0.2393017578125 0.495390625 0.032275390625 0.0276171875
2 0.1325830078125 0.456474609375 0.069931640625 0.04966796875