3 0.216064453125 0.4892578125 0.11962890625 0.158203125
3 0.30810546875 0.40185546875 0.064453125 0.1044921875
3 0.38134765625 0.39794921875 0.08056640625 0.1416015625
3 0.5126953125 0.37744140625 0.16259765625 0.1884765625
3 0.31484375 0.6334765625 0.020419921875 0.041513671875
3 0.481552734375 0.4931640625 0.0179248046875 0.023154296875
3 0.4420703125 0.668623046875 0.0103857421875 0.02251953125
3 0.7427001953125 0.533330078125 0.014599609375 0.02537109375
3 0.5230517578125 0.721904296875 0.0172314453125 0.023056640625
3 0.6601171875 0.584658203125 0.0190576171875 0.054365234375
3 0.5822705078125 0.577412109375 0.017373046875 0.02423828125
3 0.6012451171875 0.52412109375 0.0184912109375 0.03486328125
3 0.6383544921875 0.519248046875 0.0168212890625 0.026767578125
3 0.4966162109375 0.677138671875 0.0168115234375 0.0255859375