3 0.489990234375 0.20263671875 0.0439453125 0.080078125
3 0.679443359375 0.58935546875 0.1025390625 0.1689453125
3 0.430419921875 0.552734375 0.04736328125 0.0830078125
3 0.6414208984375 0.3079296875 0.0330029296875 0.054482421875
3 0.710546875 0.38953125 0.0272900390625 0.038544921875
3 0.1863623046875 0.56833984375 0.02236328125 0.042373046875
3 0.12400390625 0.4596875 0.0215234375 0.04548828125
3 0.244326171875 0.3440625 0.0222314453125 0.02908203125
3 0.3096826171875 0.58884765625 0.0156787109375 0.03037109375
3 0.334794921875 0.59107421875 0.0101025390625 0.023671875
3 0.27501953125 0.73529296875 0.055712890625 0.060986328125
3 0.4339111328125 0.766962890625 0.0186181640625 0.028896484375
3 0.433564453125 0.710888671875 0.0190380859375 0.031708984375
3 0.4975927734375 0.6315234375 0.0276904296875 0.065498046875
3 0.5820654296875 0.5769921875 0.019189453125 0.0273046875
3 0.593154296875 0.66708984375 0.029091796875 0.038984375
3 0.5616943359375 0.733203125 0.032021484375 0.042861328125
3 0.49626953125 0.803359375 0.0428955078125 0.074345703125
3 0.383828125 0.808525390625 0.0389794921875 0.059560546875
3 0.4529541015625 0.309052734375 0.022109375 0.045556640625
3 0.5333740234375 0.354384765625 0.02015625 0.032978515625
3 0.562744140625 0.322998046875 0.017373046875 0.02880859375
3 0.7818310546875 0.518544921875 0.043759765625 0.057177734375