3 0.515625 0.7021484375 0.0595703125 0.119140625
3 0.5048486328125 0.27529296875 0.024345703125 0.0505859375
3 0.471298828125 0.2462890625 0.0308984375 0.032744140625
3 0.5209619140625 0.3621875 0.018623046875 0.03744140625
3 0.54083984375 0.433603515625 0.02490234375 0.057490234375
3 0.5934326171875 0.425927734375 0.02072265625 0.041591796875
3 0.4163330078125 0.45564453125 0.02140625 0.03572265625
3 0.3674365234375 0.33625 0.0173583984375 0.024619140625
3 0.4423486328125 0.75873046875 0.0321484375 0.063212890625
3 0.5790625 0.757890625 0.0277001953125 0.033642578125
3 0.587294921875 0.80197265625 0.0184912109375 0.032509765625
3 0.6114306640625 0.669326171875 0.0232373046875 0.043447265625
3 0.791875 0.65216796875 0.023671875 0.03982421875
3 0.7200341796875 0.771279296875 0.02505859375 0.026943359375
3 0.7714404296875 0.714375 0.02185546875 0.033662109375
3 0.7772998046875 0.46359375 0.0235302734375 0.042138671875
3 0.213984375 0.3898046875 0.01623046875 0.0290625
3 0.225146484375 0.35521484375 0.01734375 0.029072265625
3 0.2598095703125 0.30765625 0.021953125 0.0371875
3 0.2982421875 0.2729296875 0.0162353515625 0.026318359375
3 0.3021484375 0.434296875 0.0195849609375 0.033779296875
3 0.266435546875 0.487998046875 0.02404296875 0.037939453125
3 0.1320263671875 0.526640625 0.023818359375 0.0320703125
3 0.1539990234375 0.471962890625 0.0178955078125 0.045478515625
3 0.195849609375 0.420771484375 0.0156689453125 0.0318359375
3 0.3703662109375 0.592890625 0.020986328125 0.040126953125
3 0.6853662109375 0.414765625 0.0371923828125 0.0773046875
3 0.6349365234375 0.4921875 0.0222607421875 0.051884765625
3 0.5132177734375 0.813818359375 0.041083984375 0.042265625