2 0.287353515625 0.46533203125 0.04052734375 0.05859375
3 0.6054296875 0.32759765625 0.0212841796875 0.035224609375
3 0.4949560546875 0.611728515625 0.079326171875 0.129638671875
3 0.4025927734375 0.655517578125 0.04302734375 0.044287109375
3 0.4123583984375 0.615205078125 0.0402392578125 0.037880859375
3 0.4285400390625 0.699033203125 0.017919921875 0.03310546875
3 0.4482080078125 0.643798828125 0.0018896484375 0.000771484375
3 0.603828125 0.525234375 0.03146484375 0.059404296875
3 0.6315185546875 0.5794921875 0.0388623046875 0.07583984375
3 0.1364208984375 0.5288671875 0.016220703125 0.04099609375
3 0.2393017578125 0.512685546875 0.0123681640625 0.02873046875
3 0.2514404296875 0.5555078125 0.0226904296875 0.02787109375
3 0.3067529296875 0.560810546875 0.0466455078125 0.044052734375
3 0.2884765625 0.513662109375 0.01791015625 0.033466796875
3 0.330048828125 0.509755859375 0.01400390625 0.0256640625
3 0.3350732421875 0.6068359375 0.0262841796875 0.05240234375
3 0.388291015625 0.575869140625 0.0188916015625 0.029541015625
3 0.3849462890625 0.544765625 0.020009765625 0.03150390625
3 0.4084521484375 0.510458984375 0.0134521484375 0.024267578125
3 0.3649267578125 0.54072265625 0.016796875 0.0440625
3 0.428818359375 0.559833984375 0.030751953125 0.066083984375