3 0.216796875 0.341796875 0.0888671875 0.1826171875
3 0.538330078125 0.32958984375 0.0966796875 0.216796875
3 0.582275390625 0.5283203125 0.0625 0.12890625
3 0.5595703125 0.6748046875 0.11962890625 0.154296875
3 0.42142578125 0.5645703125 0.039404296875 0.076689453125
3 0.427421875 0.487861328125 0.025732421875 0.051611328125
3 0.3483251953125 0.315458984375 0.06953125 0.0907421875
3 0.2959423828125 0.38185546875 0.0294873046875 0.073974609375
3 0.3301220703125 0.677685546875 0.0308837890625 0.0691015625
3 0.36806640625 0.53890625 0.023076171875 0.047685546875
3 0.223681640625 0.53109375 0.02892578125 0.04994140625
3 0.1936181640625 0.47083984375 0.03017578125 0.056640625
3 0.467880859375 0.2331640625 0.0341064453125 0.083525390625
3 0.682158203125 0.422861328125 0.0352392578125 0.052197265625
3 0.7146630859375 0.624130859375 0.0522607421875 0.078056640625
3 0.2402099609375 0.618125 0.03966796875 0.085595703125
3 0.25416015625 0.493720703125 0.0206982421875 0.042685546875
3 0.128330078125 0.481171875 0.0469091796875 0.061083984375
3 0.3652734375 0.246845703125 0.03423828125 0.0299609375
3 0.4779248046875 0.41142578125 0.0228125 0.0533203125
3 0.4059423828125 0.193837890625 0.0407958984375 0.057880859375