3 0.5929443359375 0.543369140625 0.0364892578125 0.04544921875
3 0.6036181640625 0.52552734375 0.0002001953125 0.00140625
3 0.648466796875 0.41728515625 0.0147314453125 0.02765625
3 0.620009765625 0.3748828125 0.0158447265625 0.032138671875
3 0.5801123046875 0.47390625 0.016396484375 0.039345703125
3 0.7205908203125 0.463037109375 0.0239453125 0.02986328125
3 0.7367724609375 0.542119140625 0.019482421875 0.02341796875
3 0.6418408203125 0.584931640625 0.040537109375 0.0671875
3 0.6829931640625 0.594140625 0.017939453125 0.026455078125
3 0.3859912109375 0.700703125 0.014287109375 0.025302734375
3 0.388154296875 0.655234375 0.0163818359375 0.02921875
3 0.3947119140625 0.610048828125 0.0172216796875 0.039287109375
3 0.4656494140625 0.67392578125 0.0218310546875 0.038701171875
3 0.4353076171875 0.7341796875 0.016943359375 0.025283203125
3 0.548095703125 0.707822265625 0.01486328125 0.02892578125
3 0.50359375 0.6322265625 0.018486328125 0.030625
3 0.5346337890625 0.6620703125 0.013603515625 0.0289453125
3 0.50310546875 0.754130859375 0.0152734375 0.0233203125
3 0.5323974609375 0.76486328125 0.012490234375 0.0196875
3 0.3442822265625 0.464150390625 0.0190283203125 0.043251953125
3 0.3771337890625 0.501806640625 0.0267041015625 0.070576171875
3 0.3594140625 0.554111328125 0.021005859375 0.0306640625
3 0.3758056640625 0.771142578125 0.0140087890625 0.027216796875
3 0.4927099609375 0.400263671875 0.0179248046875 0.043837890625
3 0.455185546875 0.35228515625 0.032578125 0.03716796875
3 0.47833984375 0.33123046875 0.02197265625 0.0301953125
3 0.5445361328125 0.353125 0.017919921875 0.03326171875
3 0.5563232421875 0.322158203125 0.0389892578125 0.028251953125
3 0.5258447265625 0.4765625 0.0417822265625 0.063056640625
3 0.476806640625 0.5288671875 0.028388671875 0.06107421875
3 0.43474609375 0.514638671875 0.0258740234375 0.03375
3 0.4143115234375 0.465966796875 0.0150048828125 0.0329296875
3 0.284013671875 0.589677734375 0.022373046875 0.048779296875
3 0.313310546875 0.624970703125 0.02962890625 0.0362109375
3 0.301171875 0.70740234375 0.0187451171875 0.04984375
3 0.2846435546875 0.666953125 0.033291015625 0.03033203125
3 0.3291455078125 0.740322265625 0.0200048828125 0.03755859375
3 0.51251953125 0.57015625 0.01611328125 0.03205078125
3 0.548232421875 0.57517578125 0.018486328125 0.04208984375