3 0.5073583984375 0.552578125 0.0304833984375 0.05828125
3 0.5443994140625 0.7634765625 0.016396484375 0.033642578125
3 0.221728515625 0.49943359375 0.0227880859375 0.044072265625
3 0.2763427734375 0.71171875 0.0208740234375 0.0501171875
3 0.31044921875 0.6711328125 0.03060546875 0.0353515625
3 0.325029296875 0.5704296875 0.029521484375 0.06943359375
3 0.3442822265625 0.504736328125 0.035771484375 0.049091796875
3 0.2880615234375 0.52314453125 0.044970703125 0.06359375
3 0.2763427734375 0.579921875 0.0237646484375 0.034833984375
3 0.2921044921875 0.391484375 0.0173486328125 0.034638671875
3 0.339677734375 0.408359375 0.0243310546875 0.04328125
3 0.309404296875 0.44392578125 0.0195849609375 0.034619140625
3 0.398056640625 0.304443359375 0.019453125 0.0413671875
3 0.4215625 0.277802734375 0.0184765625 0.0344140625
3 0.360185546875 0.32857421875 0.04302734375 0.084599609375
3 0.10580078125 0.4301171875 0.0174755859375 0.03099609375