3 0.724775390625 0.568203125 0.0155712890625 0.022568359375
3 0.7499560546875 0.564716796875 0.0168310546875 0.040703125
3 0.7823193359375 0.509345703125 0.0190673828125 0.033193359375
3 0.6780419921875 0.506552734375 0.016962890625 0.0276171875
3 0.67685546875 0.461220703125 0.0322802734375 0.040185546875
3 0.51921875 0.487861328125 0.0285302734375 0.03822265625
3 0.5943408203125 0.624970703125 0.0165234375 0.02728515625
3 0.6135888671875 0.601259765625 0.0175146484375 0.030087890625
3 0.5446044921875 0.7972265625 0.0257421875 0.028603515625
3 0.43083984375 0.666669921875 0.0165380859375 0.021962890625
3 0.44583984375 0.673369140625 0.0112255859375 0.02642578125
3 0.4667626953125 0.5315234375 0.0140185546875 0.02453125
3 0.522216796875 0.54853515625 0.0133251953125 0.019501953125
3 0.3490234375 0.47865234375 0.020703125 0.041015625
3 0.3859228515625 0.469169921875 0.0152685546875 0.042138671875
3 0.2093115234375 0.47865234375 0.016923828125 0.027626953125
3 0.407685546875 0.3453125 0.0241943359375 0.046650390625
3 0.5069384765625 0.294267578125 0.0173681640625 0.032724609375
3 0.4921533203125 0.239873046875 0.016669921875 0.027724609375
3 0.516357421875 0.225087890625 0.0140185546875 0.023828125
3 0.316865234375 0.55634765625 0.01107421875 0.02396484375
3 0.292802734375 0.317001953125 0.0131640625 0.025185546875
3 0.1972412109375 0.36595703125 0.0117626953125 0.025439453125
3 0.750234375 0.42048828125 0.0129248046875 0.030166015625