3 0.6112890625 0.4352734375 0.0207275390625 0.049677734375
3 0.546630859375 0.50822265625 0.0197412109375 0.042119140625
3 0.4427001953125 0.464287109375 0.037314453125 0.0407421875
3 0.4020361328125 0.254931640625 0.0251708984375 0.044462890625
3 0.3066162109375 0.197744140625 0.0240478515625 0.03388671875
3 0.2416064453125 0.607529296875 0.0257177734375 0.062158203125
3 0.313798828125 0.79666015625 0.0283740234375 0.060966796875
3 0.2254248046875 0.266650390625 0.0134375 0.02771484375
3 0.510078125 0.370673828125 0.070517578125 0.185576171875
3 0.4634130859375 0.38603515625 0.018349609375 0.054443359375
3 0.47625 0.27041015625 0.01611328125 0.026875