3 0.5386767578125 0.51546875 0.0529443359375 0.078935546875
3 0.4648095703125 0.392734375 0.0322998046875 0.056669921875
3 0.557578125 0.1754296875 0.0253173828125 0.0405859375
3 0.6746923828125 0.493720703125 0.023662109375 0.046591796875
3 0.749814453125 0.5750390625 0.0198974609375 0.0334375
3 0.659140625 0.663603515625 0.0171044921875 0.034794921875
3 0.622587890625 0.6178515625 0.0232373046875 0.077216796875
3 0.6521630859375 0.642548828125 0.019169921875 0.02783203125
3 0.611708984375 0.700703125 0.03830078125 0.067705078125
3 0.481064453125 0.6405859375 0.0202978515625 0.036201171875
3 0.5274462890625 0.651611328125 0.0219677734375 0.0387109375
3 0.43328125 0.69150390625 0.0307568359375 0.0437109375
3 0.5898779296875 0.586318359375 0.042626953125 0.13134765625
3 0.555693359375 0.6366796875 0.02796875 0.084189453125
3 0.3400927734375 0.73697265625 0.020703125 0.024169921875