3 0.8383984375 0.5320703125 0.0307861328125 0.054658203125
3 0.8026171875 0.519658203125 0.0328759765625 0.0594140625
3 0.8233349609375 0.601396484375 0.031904296875 0.03873046875
3 0.765859375 0.58130859375 0.0408251953125 0.0610546875
3 0.6785302734375 0.6276171875 0.0255859375 0.0576953125
3 0.7068505859375 0.589677734375 0.0332861328125 0.05994140625
3 0.6394677734375 0.609765625 0.039140625 0.075546875
3 0.658720703125 0.45298828125 0.0318896484375 0.065576171875
3 0.53009765625 0.582705078125 0.0435986328125 0.096201171875
3 0.5911328125 0.59986328125 0.0272802734375 0.055185546875
3 0.57208984375 0.686474609375 0.018212890625 0.047060546875
3 0.6327734375 0.759287109375 0.0168212890625 0.02638671875
3 0.4823876953125 0.670439453125 0.0218310546875 0.034521484375
3 0.468994140625 0.622314453125 0.0417822265625 0.07052734375
3 0.25890625 0.58033203125 0.0167919921875 0.049619140625
3 0.58966796875 0.249765625 0.04220703125 0.063701171875
3 0.618544921875 0.2169921875 0.047509765625 0.04669921875
3 0.6795751953125 0.254375 0.018916015625 0.036650390625
3 0.17052734375 0.6090625 0.036455078125 0.03677734375
3 0.235400390625 0.29509765625 0.033388671875 0.06453125
3 0.1980810546875 0.385478515625 0.0714697265625 0.10912109375
3 0.1772265625 0.480888671875 0.036455078125 0.06556640625