3 0.572265625 0.52978515625 0.04296875 0.072265625
3 0.503662109375 0.658203125 0.0498046875 0.0849609375
3 0.321123046875 0.50111328125 0.02181640625 0.03849609375
3 0.4539306640625 0.778818359375 0.0184814453125 0.03865234375
3 0.646513671875 0.596650390625 0.0242138671875 0.037060546875
3 0.6765087890625 0.494833984375 0.0172412109375 0.037666015625
3 0.546630859375 0.387294921875 0.017509765625 0.031845703125
3 0.4627197265625 0.28310546875 0.013740234375 0.032734375
3 0.348466796875 0.512412109375 0.017353515625 0.03375
3 0.3987548828125 0.63822265625 0.0230810546875 0.034248046875
3 0.174853515625 0.472099609375 0.0229736328125 0.03404296875
3 0.19333984375 0.438349609375 0.0195751953125 0.0323828125
3 0.19982421875 0.363583984375 0.0191552734375 0.045810546875
3 0.0562744140625 0.226484375 0.01998046875 0.025498046875
3 0.65083984375 0.8050390625 0.0295166015625 0.04421875
3 0.3488134765625 0.75984375 0.027705078125 0.054287109375
3 0.2789208984375 0.6884375 0.0101318359375 0.0275390625
3 0.2891748046875 0.69958984375 0.0148388671875 0.034228515625