3 0.5870166015625 0.621201171875 0.035791015625 0.083916015625
3 0.6608837890625 0.632080078125 0.04291015625 0.08892578125
3 0.7142431640625 0.6386328125 0.0491943359375 0.082509765625
3 0.7833642578125 0.543232421875 0.037900390625 0.081435546875
3 0.739912109375 0.550205078125 0.02798828125 0.049638671875
3 0.660673828125 0.225087890625 0.0469580078125 0.03275390625
3 0.495224609375 0.162041015625 0.0251806640625 0.03166015625
3 0.684111328125 0.413095703125 0.0424951171875 0.09181640625
3 0.5998486328125 0.392041015625 0.0289404296875 0.0469140625
0 0.1663427734375 0.382412109375 0.0314306640625 0.055
2 0.3746923828125 0.58423828125 0.0251708984375 0.057431640625
2 0.42240234375 0.538349609375 0.0190380859375 0.03541015625
2 0.3498583984375 0.210859375 0.0313037109375 0.045595703125