3 0.5856201171875 0.421181640625 0.04416015625 0.08009765625
3 0.4168896484375 0.33443359375 0.03703125 0.0795703125
3 0.3643701171875 0.257578125 0.0346533203125 0.079326171875
3 0.260576171875 0.301376953125 0.0190234375 0.038583984375
3 0.5741796875 0.754541015625 0.02224609375 0.033642578125
3 0.5924560546875 0.709208984375 0.03439453125 0.05515625
3 0.6237744140625 0.776162109375 0.0222607421875 0.028330078125
3 0.770185546875 0.645888671875 0.0293896484375 0.041220703125
3 0.7817626953125 0.5002734375 0.02576171875 0.040166015625
3 0.5147509765625 0.81521484375 0.018486328125 0.0283203125
3 0.5694384765625 0.8290234375 0.0263037109375 0.025244140625
3 0.18796875 0.49330078125 0.0177587890625 0.031806640625
3 0.479736328125 0.1754296875 0.0723291015625 0.0740625
3 0.467880859375 0.8703125 0.07205078125 0.074326171875
3 0.3474853515625 0.81935546875 0.0734228515625 0.06244140625
3 0.2812939453125 0.613115234375 0.01693359375 0.035380859375
3 0.160693359375 0.59720703125 0.073701171875 0.09173828125
3 0.2006640625 0.702373046875 0.0587744140625 0.088896484375
3 0.6830615234375 0.2375 0.0265625 0.039169921875
3 0.600546875 0.26037109375 0.0115185546875 0.017958984375
3 0.4902685546875 0.355078125 0.0130419921875 0.03158203125
3 0.637236328125 0.23568359375 0.00884765625 0.016015625