3 0.54345703125 0.72314453125 0.04638671875 0.087890625
3 0.501083984375 0.489951171875 0.023505859375 0.03626953125
3 0.543212890625 0.206669921875 0.0285302734375 0.047265625
3 0.699033203125 0.203046875 0.029208984375 0.045595703125
3 0.8160107421875 0.445595703125 0.0284130859375 0.042421875
3 0.6478369140625 0.742412109375 0.025751953125 0.04453125
3 0.3151953125 0.642685546875 0.0255859375 0.0543359375
3 0.100986328125 0.582431640625 0.0312841796875 0.0454296875
3 0.437392578125 0.158701171875 0.034677734375 0.049501953125
3 0.346513671875 0.688291015625 0.0313037109375 0.047900390625
3 0.8266796875 0.518271484375 0.01962890625 0.028720703125