3 0.37060546875 0.3193359375 0.0595703125 0.1201171875
3 0.52001953125 0.2646484375 0.04833984375 0.103515625
3 0.202822265625 0.560107421875 0.01734375 0.034287109375
3 0.21837890625 0.460380859375 0.0183203125 0.0329296875
3 0.2372119140625 0.49916015625 0.0169287109375 0.02677734375
3 0.7791796875 0.488974609375 0.0172509765625 0.027060546875
3 0.6386328125 0.6977734375 0.027421875 0.055703125
3 0.60201171875 0.52203125 0.0155615234375 0.027890625
3 0.5205419921875 0.43638671875 0.038994140625 0.085390625
3 0.4388623046875 0.444482421875 0.0307568359375 0.062509765625
3 0.4338427734375 0.528583984375 0.046376953125 0.077255859375
3 0.3765771484375 0.4457421875 0.0144287109375 0.039912109375
3 0.40482421875 0.448251953125 0.0183544921875 0.03935546875
3 0.33876953125 0.4352734375 0.020283203125 0.038525390625
3 0.6697412109375 0.56625 0.0182177734375 0.035400390625
3 0.137255859375 0.5750390625 0.0257080078125 0.0334375
3 0.64302734375 0.28896484375 0.0385595703125 0.054482421875