3 0.635986328125 0.580078125 0.080078125 0.1630859375
3 0.7226123046875 0.338896484375 0.039150390625 0.066171875
3 0.651396484375 0.397470703125 0.0451416015625 0.07173828125
3 0.8271728515625 0.535556640625 0.0395751953125 0.063310546875
3 0.741865234375 0.642119140625 0.0330126953125 0.05322265625
3 0.4374658203125 0.696240234375 0.025732421875 0.061005859375
3 0.3496533203125 0.55341796875 0.0208447265625 0.032060546875
3 0.52619140625 0.5951171875 0.0413623046875 0.084755859375
3 0.451279296875 0.564296875 0.03103515625 0.05939453125
3 0.468994140625 0.500966796875 0.0541943359375 0.049931640625
2 0.378876953125 0.5025 0.0323046875 0.073642578125