3 0.57275390625 0.580078125 0.0537109375 0.1240234375
3 0.427705078125 0.38771484375 0.0307568359375 0.046630859375
3 0.4054541015625 0.55453125 0.02642578125 0.04544921875
3 0.34462890625 0.781181640625 0.047626953125 0.071845703125
3 0.2328857421875 0.451455078125 0.028369140625 0.0485546875
3 0.223818359375 0.521337890625 0.0604541015625 0.0516015625
3 0.1369775390625 0.59693359375 0.0095263671875 0.0298046875
3 0.1633447265625 0.588291015625 0.0153857421875 0.029248046875
3 0.1641796875 0.53361328125 0.019765625 0.03373046875
3 0.1641796875 0.4951171875 0.0175341796875 0.046025390625
3 0.17625 0.687734375 0.04677734375 0.046787109375
3 0.249140625 0.353681640625 0.0251611328125 0.045537109375
3 0.312822265625 0.4469921875 0.016376953125 0.0284765625
3 0.2753662109375 0.3885546875 0.0151171875 0.033798828125
3 0.7861572265625 0.3995703125 0.02673828125 0.040771484375