3 0.6823681640625 0.3118359375 0.0278466796875 0.0511328125
3 0.69896484375 0.42732421875 0.036044921875 0.09236328125
3 0.7191259765625 0.385478515625 0.0366357421875 0.053330078125
3 0.7544189453125 0.418818359375 0.0358056640625 0.066982421875
3 0.75267578125 0.494130859375 0.0378955078125 0.061376953125
3 0.593154296875 0.696796875 0.051416015625 0.084443359375
3 0.3498583984375 0.7698828125 0.0301904296875 0.0609765625
3 0.310244140625 0.475166015625 0.0480419921875 0.068076171875
3 0.2192138671875 0.79736328125 0.0199951171875 0.039482421875
3 0.3858544921875 0.647705078125 0.0363330078125 0.042060546875
3 0.51837890625 0.72427734375 0.0279736328125 0.036171875
3 0.614287109375 0.4606640625 0.0300732421875 0.050224609375
3 0.631240234375 0.36552734375 0.045 0.093232421875
3 0.5448876953125 0.494697265625 0.0140234375 0.04017578125
3 0.5620458984375 0.5210546875 0.010400390625 0.02314453125
3 0.63716796875 0.587724609375 0.02337890625 0.039296875
3 0.3810400390625 0.839765625 0.0222412109375 0.066240234375