3 0.366455078125 0.57958984375 0.05615234375 0.1259765625
3 0.722333984375 0.537646484375 0.0776513671875 0.1372265625
3 0.42986328125 0.780908203125 0.0250341796875 0.05455078125
3 0.3772021484375 0.761796875 0.0257275390625 0.052607421875
3 0.2894580078125 0.603486328125 0.0366015625 0.056865234375
3 0.2984521484375 0.532353515625 0.014423828125 0.031787109375
3 0.2071484375 0.665 0.019765625 0.052099609375
3 0.22375 0.650771484375 0.02013671875 0.0426171875
3 0.17478515625 0.52859375 0.0259912109375 0.02146484375
3 0.0802685546875 0.5217578125 0.0188671875 0.030673828125
3 0.5904345703125 0.338056640625 0.04708984375 0.070087890625