3 0.7824609375 0.49384765625 0.032734375 0.053017578125
3 0.67099609375 0.418955078125 0.012919921875 0.03099609375
3 0.6002685546875 0.427744140625 0.0288134765625 0.051357421875
3 0.5034521484375 0.2891015625 0.021552734375 0.0251953125
3 0.4491845703125 0.238193359375 0.0268505859375 0.026611328125
3 0.4118017578125 0.261904296875 0.0290771484375 0.034970703125
3 0.432724609375 0.43234375 0.036337890625 0.055546875
3 0.53009765625 0.66583984375 0.038017578125 0.0392578125
3 0.461669921875 0.634873046875 0.0229541015625 0.032021484375
3 0.4637646484375 0.606142578125 0.023232421875 0.031474609375
3 0.4812744140625 0.612412109375 0.0184814453125 0.030078125
3 0.2728564453125 0.682431640625 0.0167919921875 0.03060546875
3 0.2823388671875 0.73697265625 0.014560546875 0.030859375
3 0.241884765625 0.661796875 0.0161328125 0.022802734375
3 0.2593212890625 0.632783203125 0.0370556640625 0.0205859375
3 0.2683203125 0.592197265625 0.0188818359375 0.0258984375
3 0.1991943359375 0.632646484375 0.016787109375 0.025322265625
3 0.3389794921875 0.455224609375 0.02962890625 0.047724609375
3 0.3109375 0.4352734375 0.0175244140625 0.038525390625
3 0.364228515625 0.27333984375 0.0433056640625 0.041103515625
3 0.2980322265625 0.249072265625 0.0154296875 0.031630859375
3 0.328515625 0.242099609375 0.0254443359375 0.02326171875
3 0.3336083984375 0.644619140625 0.072626953125 0.19771484375
3 0.4172412109375 0.734873046875 0.0935302734375 0.05736328125
2 0.40517578125 0.4609375 0.03814453125 0.078681640625
3 0.1472314453125 0.461220703125 0.0378466796875 0.05134765625