3 0.47021484375 0.53271484375 0.06591796875 0.1025390625
3 0.4026611328125 0.6926171875 0.0431689453125 0.07048828125
3 0.3146337890625 0.726923828125 0.0434375 0.05541015625
3 0.419892578125 0.28283203125 0.0240576171875 0.03775390625
3 0.766279296875 0.444619140625 0.0617529296875 0.082314453125
3 0.74375 0.6450390625 0.0524072265625 0.087548828125
3 0.777578125 0.57322265625 0.03859375 0.041533203125
3 0.4401904296875 0.3885546875 0.0322900390625 0.031572265625
3 0.516494140625 0.203330078125 0.018203125 0.0294140625
3 0.21984375 0.443515625 0.017900390625 0.0265234375
2 0.5381884765625 0.728310546875 0.057548828125 0.101728515625
2 0.2568115234375 0.59330078125 0.068408203125 0.095087890625
3 0.612822265625 0.280595703125 0.0241943359375 0.02771484375
3 0.197939453125 0.320185546875 0.0201318359375 0.034345703125