3 0.6501416015625 0.2670703125 0.022099609375 0.0425
3 0.74046875 0.608232421875 0.0255810546875 0.049609375
3 0.714033203125 0.67197265625 0.060595703125 0.04037109375
3 0.6626953125 0.685224609375 0.0416259765625 0.036181640625
3 0.5817138671875 0.719951171875 0.031728515625 0.024736328125
3 0.5778759765625 0.668623046875 0.0226611328125 0.033681640625
3 0.4565087890625 0.72134765625 0.0191796875 0.0442578125
3 0.4833642578125 0.7082421875 0.01708984375 0.034775390625
3 0.3325634765625 0.73599609375 0.036884765625 0.0484375
3 0.2403515625 0.694990234375 0.017626953125 0.050126953125
3 0.4172412109375 0.220478515625 0.0292333984375 0.0553515625
3 0.6242626953125 0.33052734375 0.0281005859375 0.06060546875