3 0.498642578125 0.373759765625 0.0409423828125 0.07453125
3 0.4201708984375 0.281572265625 0.0322998046875 0.0603515625
3 0.4662060546875 0.288125 0.031875 0.05392578125
3 0.5146142578125 0.266640625 0.02490234375 0.056728515625
3 0.487412109375 0.239306640625 0.02294921875 0.02884765625
3 0.43279296875 0.229267578125 0.044287109375 0.042236328125
3 0.3247509765625 0.372646484375 0.030185546875 0.0723046875
3 0.267275390625 0.29984375 0.0335302734375 0.0550390625
3 0.26845703125 0.392734375 0.0399853515625 0.06783203125
3 0.180224609375 0.406962890625 0.044599609375 0.07060546875
3 0.397431640625 0.638779296875 0.0438671875 0.057685546875
3 0.363251953125 0.71798828125 0.0557421875 0.09783203125
3 0.4840625 0.76513671875 0.0776318359375 0.092783203125
3 0.632841796875 0.45716796875 0.0515576171875 0.068359375
3 0.5539501953125 0.396083984375 0.0347998046875 0.056669921875
3 0.55890625 0.2059765625 0.0264404296875 0.037509765625
3 0.780087890625 0.35171875 0.0545947265625 0.102998046875
3 0.70615234375 0.396220703125 0.0263134765625 0.038544921875
3 0.6693212890625 0.424951171875 0.0285400390625 0.0480078125
3 0.78162109375 0.456611328125 0.0492919921875 0.089560546875
3 0.19822265625 0.457451171875 0.023759765625 0.041025390625
3 0.186708984375 0.5428125 0.01748046875 0.0443359375
3 0.2641357421875 0.57908203125 0.0216748046875 0.038740234375
3 0.4138916015625 0.440576171875 0.0332666015625 0.043544921875
3 0.579833984375 0.289384765625 0.0526708984375 0.073720703125
3 0.5948291015625 0.398876953125 0.036904296875 0.046630859375
3 0.563857421875 0.671689453125 0.0430419921875 0.090029296875
3 0.6085693359375 0.768212890625 0.122421875 0.082177734375