3 0.46142578125 0.7470703125 0.07763671875 0.1650390625
3 0.6869677734375 0.708515625 0.0381689453125 0.07439453125
3 0.775068359375 0.37208984375 0.0279931640625 0.060029296875
3 0.7590234375 0.28421875 0.02380859375 0.0349609375
3 0.6269140625 0.41044921875 0.0285400390625 0.0279296875
3 0.5870166015625 0.2761328125 0.021279296875 0.044453125
3 0.541259765625 0.14208984375 0.02685546875 0.02693359375
3 0.3462353515625 0.229541015625 0.0374462890625 0.05953125
3 0.1955712890625 0.583544921875 0.0597509765625 0.06998046875
3 0.1231005859375 0.491064453125 0.0498388671875 0.03849609375
3 0.647001953125 0.270830078125 0.01068359375 0.0305078125
3 0.4383740234375 0.19537109375 0.027548828125 0.052021484375
3 0.7846923828125 0.65328125 0.0338525390625 0.053212890625