3 0.30703125 0.32076171875 0.0293505859375 0.04666015625
3 0.2970556640625 0.267763671875 0.0274267578125 0.041103515625
0 0.316865234375 0.284365234375 0.0000830078125 0.001025390625
3 0.72337890625 0.444619140625 0.029521484375 0.037685546875
3 0.678251953125 0.652861328125 0.037470703125 0.08306640625
3 0.5543701171875 0.569033203125 0.02853515625 0.063291015625
3 0.5078466796875 0.551318359375 0.03369140625 0.04740234375
3 0.5209619140625 0.619384765625 0.034248046875 0.06076171875
3 0.391708984375 0.734873046875 0.0368896484375 0.059599609375
3 0.24865234375 0.679501953125 0.034228515625 0.032001953125
0 0.4334912109375 0.530537109375 0.051259765625 0.08673828125