3 0.46564453125 0.327177734375 0.0228125 0.02880859375
3 0.493271484375 0.29189453125 0.0168115234375 0.039140625
3 0.491875 0.387578125 0.0251806640625 0.046357421875
3 0.4823876953125 0.540029296875 0.0228125 0.035966796875
3 0.5044287109375 0.522734375 0.022392578125 0.03486328125
3 0.439208984375 0.556904296875 0.0221142578125 0.033447265625
3 0.4537890625 0.516875 0.022666015625 0.037646484375
3 0.4002880859375 0.681875 0.0172216796875 0.06017578125
3 0.4406787109375 0.715068359375 0.0243359375 0.031708984375
3 0.54962890625 0.658583984375 0.0335546875 0.037587890625
3 0.688642578125 0.590791015625 0.0600390625 0.08169921875
3 0.736005859375 0.576845703125 0.022412109375 0.031484375
3 0.7582568359375 0.608095703125 0.0222705078125 0.0359375
3 0.79333984375 0.46791015625 0.0210205078125 0.0485546875
3 0.769833984375 0.513388671875 0.04943359375 0.035703125
3 0.7079638671875 0.426767578125 0.01431640625 0.032666015625
3 0.6503515625 0.443642578125 0.0207275390625 0.04130859375
3 0.6404443359375 0.396220703125 0.0180517578125 0.02458984375
3 0.5948974609375 0.483681640625 0.01583984375 0.034873046875
3 0.3727392578125 0.45494140625 0.0223779296875 0.049951171875
3 0.303125 0.50919921875 0.02421875 0.03291015625
3 0.305498046875 0.45466796875 0.0285107421875 0.04158203125
3 0.230654296875 0.493720703125 0.0384130859375 0.03263671875
3 0.1844091796875 0.47921875 0.0318505859375 0.025947265625
3 0.3091259765625 0.583681640625 0.022373046875 0.04236328125
3 0.27955078125 0.548115234375 0.0201416015625 0.035400390625
3 0.3527880859375 0.634169921875 0.01751953125 0.03732421875
3 0.416123046875 0.514501953125 0.01583984375 0.02677734375
3 0.3780419921875 0.76779296875 0.024052734375 0.04228515625
3 0.6481884765625 0.716611328125 0.020869140625 0.02640625
3 0.5959423828125 0.65927734375 0.023515625 0.042890625
3 0.631376953125 0.63751953125 0.019609375 0.032861328125