3 0.545654296875 0.42578125 0.0849609375 0.17578125
3 0.8233349609375 0.58298828125 0.0542236328125 0.057705078125
3 0.771650390625 0.6789453125 0.05017578125 0.0710546875
3 0.7636279296875 0.51603515625 0.0285498046875 0.035419921875
3 0.7721337890625 0.446435546875 0.01990234375 0.038515625
3 0.6526513671875 0.461494140625 0.028681640625 0.068642578125
3 0.596572265625 0.579072265625 0.034814453125 0.083369140625
3 0.4844091796875 0.5924609375 0.0414990234375 0.098994140625
3 0.4039892578125 0.392734375 0.0223828125 0.056669921875
3 0.2906396484375 0.709072265625 0.0412060546875 0.064345703125
3 0.1739453125 0.530673828125 0.0499853515625 0.084228515625
3 0.259462890625 0.399150390625 0.0379931640625 0.052763671875
3 0.395546875 0.47544921875 0.0290966796875 0.05189453125
3 0.5914794921875 0.277802734375 0.029091796875 0.06119140625
2 0.7090087890625 0.43513671875 0.0338134765625 0.0856640625