3 0.441650390625 0.2412109375 0.09912109375 0.1787109375
3 0.5322607421875 0.184072265625 0.02671875 0.041142578125
3 0.548583984375 0.262744140625 0.04150390625 0.064541015625
3 0.5470458984375 0.3609375 0.030625 0.048876953125
3 0.5992236328125 0.377109375 0.037880859375 0.058916015625
3 0.6594873046875 0.2676171875 0.034541015625 0.05478515625
3 0.726240234375 0.485771484375 0.0419384765625 0.0334765625
3 0.86232421875 0.56052734375 0.025068359375 0.049072265625
3 0.74375 0.746171875 0.0501708984375 0.066005859375
3 0.5871533203125 0.6887109375 0.0550390625 0.073837890625
3 0.5264013671875 0.682705078125 0.027275390625 0.07021484375
3 0.40384765625 0.688154296875 0.036611328125 0.05041015625
3 0.3594873046875 0.708935546875 0.0248876953125 0.055703125
3 0.3370263671875 0.590654296875 0.03353515625 0.0869921875
3 0.639326171875 0.804755859375 0.034794921875 0.044775390625