3 0.7048974609375 0.426904296875 0.053935546875 0.06642578125
3 0.7759033203125 0.64826171875 0.0318994140625 0.0543359375
3 0.5665087890625 0.551044921875 0.0237890625 0.041259765625
3 0.5761328125 0.337646484375 0.0184912109375 0.044140625
3 0.3919921875 0.257998046875 0.024052734375 0.04724609375
3 0.3797119140625 0.389111328125 0.0262841796875 0.055
3 0.3947802734375 0.461357421875 0.0296337890625 0.03767578125
3 0.3198681640625 0.416025390625 0.03158203125 0.072568359375
3 0.172412109375 0.477958984375 0.050263671875 0.051337890625
3 0.18552734375 0.591357421875 0.029619140625 0.05212890625
3 0.136279296875 0.55537109375 0.03044921875 0.04154296875
3 0.2033837890625 0.321884765625 0.0162255859375 0.037734375
3 0.2368603515625 0.384921875 0.027392578125 0.0410546875
3 0.410751953125 0.773232421875 0.03814453125 0.06990234375
3 0.3689013671875 0.752587890625 0.0258642578125 0.0509375
3 0.4871337890625 0.784248046875 0.0290869140625 0.050087890625