3 0.49560546875 0.50830078125 0.0556640625 0.087890625
3 0.605224609375 0.45751953125 0.0771484375 0.142578125
3 0.729248046875 0.3779296875 0.1103515625 0.1787109375
3 0.87939453125 0.4345703125 0.0517578125 0.1845703125
3 0.71201171875 0.224384765625 0.031337890625 0.040849609375
3 0.8312158203125 0.46763671875 0.0219970703125 0.05859375
3 0.6806201171875 0.672666015625 0.035517578125 0.061298828125
3 0.25451171875 0.357724609375 0.031435546875 0.086533203125
3 0.2298193359375 0.562763671875 0.0345068359375 0.053525390625
3 0.3361181640625 0.319091796875 0.0350732421875 0.0477734375
3 0.6218212890625 0.756630859375 0.031748046875 0.056240234375
3 0.59970703125 0.174033203125 0.0269873046875 0.032216796875
3 0.628935546875 0.286171875 0.0147265625 0.035517578125
2 0.8108447265625 0.270537109375 0.07119140625 0.169423828125