3 0.6405859375 0.720087890625 0.0514208984375 0.078017578125
3 0.4142431640625 0.55244140625 0.0451220703125 0.07640625
3 0.3850146484375 0.594697265625 0.028955078125 0.04765625
3 0.3509033203125 0.626220703125 0.0290966796875 0.060478515625
3 0.4201025390625 0.64421875 0.0334033203125 0.049033203125
3 0.26685546875 0.490927734375 0.0298046875 0.041005859375
3 0.2634375 0.44880859375 0.024365234375 0.051630859375
3 0.2884765625 0.402216796875 0.0479345703125 0.064482421875
3 0.393037109375 0.312255859375 0.042890625 0.054755859375
3 0.4182177734375 0.41546875 0.0329833984375 0.06029296875
3 0.3576708984375 0.39482421875 0.0536279296875 0.06810546875
3 0.306474609375 0.34322265625 0.0248876953125 0.055302734375
3 0.526748046875 0.26998046875 0.1338525390625 0.134833984375
3 0.620009765625 0.22982421875 0.0325830078125 0.043359375
3 0.588828125 0.449921875 0.0595068359375 0.06724609375
3 0.66646484375 0.46359375 0.0484912109375 0.042138671875
3 0.6673681640625 0.6432421875 0.025751953125 0.044296875
3 0.7926416015625 0.580048828125 0.048642578125 0.076953125
3 0.455673828125 0.3722265625 0.0375927734375 0.05751953125
3 0.491455078125 0.45298828125 0.0511279296875 0.065576171875
3 0.42888671875 0.22759765625 0.0416455078125 0.05451171875
3 0.2227734375 0.600419921875 0.022646484375 0.054072265625
3 0.2793408203125 0.731943359375 0.0386962890625 0.076611328125