0 0.66748046875 0.6787109375 0.0673828125 0.1455078125
3 0.77318359375 0.634169921875 0.049892578125 0.0958984375
3 0.696806640625 0.31560546875 0.0388671875 0.056982421875
3 0.7539306640625 0.352705078125 0.0399462890625 0.074267578125
3 0.817890625 0.465263671875 0.0381298828125 0.0901171875
3 0.2028271484375 0.603486328125 0.07314453125 0.0791796875
3 0.1168212890625 0.57154296875 0.03728515625 0.062734375
3 0.405732421875 0.66443359375 0.0481884765625 0.086689453125
0 0.3392626953125 0.72232421875 0.0289453125 0.0423046875
3 0.482177734375 0.233173828125 0.023642578125 0.027734375
3 0.4433984375 0.223271484375 0.0175048828125 0.0274609375