3 0.517333984375 0.6298828125 0.0478515625 0.1259765625
3 0.704755859375 0.6036328125 0.023525390625 0.043193359375
3 0.6942236328125 0.671279296875 0.03482421875 0.041767578125
3 0.6541162109375 0.700703125 0.0271484375 0.0476171875
3 0.360322265625 0.765009765625 0.0399560546875 0.02833984375
3 0.3423291015625 0.618134765625 0.028515625 0.061044921875
3 0.209521484375 0.5990234375 0.0318505859375 0.07025390625
3 0.216494140625 0.454111328125 0.02673828125 0.04548828125
3 0.1623681640625 0.54671875 0.0312890625 0.0521484375
3 0.301591796875 0.53556640625 0.0485986328125 0.040986328125
3 0.3585107421875 0.567080078125 0.040791015625 0.042646484375
3 0.3306103515625 0.441552734375 0.032978515625 0.07060546875
3 0.3669482421875 0.399013671875 0.0253076171875 0.0552734375
3 0.32056640625 0.380185546875 0.0273974609375 0.0371484375
3 0.3644384765625 0.33234375 0.0526513671875 0.0614453125
3 0.3140771484375 0.73208984375 0.0278173828125 0.040625
3 0.2089599609375 0.524404296875 0.02283203125 0.04099609375
3 0.2303076171875 0.511572265625 0.0209716796875 0.03765625