3 0.3671875 0.70703125 0.111328125 0.1240234375
3 0.48193359375 0.73876953125 0.07958984375 0.1630859375
3 0.4574169921875 0.493994140625 0.0288037109375 0.0393359375
3 0.5214501953125 0.292734375 0.027412109375 0.03802734375
3 0.5797607421875 0.34796875 0.0547607421875 0.0703515625
3 0.706708984375 0.431650390625 0.0307763671875 0.0480078125
3 0.6453271484375 0.470009765625 0.030771484375 0.038232421875
3 0.6634619140625 0.418955078125 0.033564453125 0.042158203125
3 0.621123046875 0.42998046875 0.0247705078125 0.04466796875
3 0.65927734375 0.338896484375 0.093271484375 0.077333984375
3 0.7602783203125 0.494833984375 0.0240869140625 0.048818359375
3 0.735166015625 0.576845703125 0.04640625 0.056591796875
3 0.569091796875 0.7192578125 0.0367626953125 0.03728515625