2 0.5735546875 0.6247265625 0.0908203125 0.1396484375
3 0.312822265625 0.5613671875 0.0275341796875 0.045166015625
3 0.3141455078125 0.7107421875 0.029072265625 0.056533203125
3 0.5073583984375 0.787734375 0.041640625 0.054267578125
3 0.2898046875 0.503623046875 0.01498046875 0.035703125
3 0.3878759765625 0.550625 0.033681640625 0.026474609375
3 0.6031982421875 0.500966796875 0.031328125 0.049931640625
3 0.81189453125 0.590791015625 0.0436181640625 0.084482421875
3 0.7872705078125 0.45271484375 0.0356689453125 0.04828125
3 0.3482568359375 0.39259765625 0.043330078125 0.059189453125
3 0.42107421875 0.3677734375 0.0230810546875 0.026279296875
3 0.419404296875 0.507666015625 0.020849609375 0.02984375
3 0.4461181640625 0.498466796875 0.01625 0.028173828125
2 0.734541015625 0.446572265625 0.0663525390625 0.098486328125