3 0.7209375 0.442666015625 0.0145947265625 0.032666015625
3 0.698759765625 0.416728515625 0.0215673828125 0.02876953125
3 0.5811572265625 0.48521484375 0.016259765625 0.036826171875
3 0.6067529296875 0.42509765625 0.0116552734375 0.02318359375
3 0.5835302734375 0.578525390625 0.01765625 0.037626953125
3 0.690107421875 0.6848046875 0.02212890625 0.03255859375
3 0.69212890625 0.656630859375 0.013896484375 0.026435546875
3 0.58443359375 0.704755859375 0.0127734375 0.030595703125
3 0.59064453125 0.733623046875 0.011796875 0.024169921875
3 0.620498046875 0.696240234375 0.0134716796875 0.027529296875
3 0.6369580078125 0.7062890625 0.014033203125 0.02529296875
3 0.3536962890625 0.55453125 0.0155419921875 0.023125
3 0.47234375 0.744501953125 0.0138818359375 0.029189453125
3 0.5102197265625 0.731953125 0.0149951171875 0.0208203125
3 0.528564453125 0.733623046875 0.0103955078125 0.024169921875
3 0.396103515625 0.46470703125 0.020009765625 0.035439453125
3 0.370439453125 0.36400390625 0.020009765625 0.03158203125
3 0.2695068359375 0.353681640625 0.023486328125 0.034375
3 0.2273779296875 0.5523046875 0.011767578125 0.032060546875
3 0.40970703125 0.4210546875 0.0193115234375 0.02681640625
3 0.4946630859375 0.477822265625 0.0140185546875 0.031533203125
3 0.52814453125 0.422451171875 0.0140234375 0.0240234375
3 0.585341796875 0.364423828125 0.01681640625 0.0307421875
3 0.5414697265625 0.356474609375 0.019462890625 0.028798828125
3 0.5586279296875 0.4430859375 0.0214208984375 0.031826171875
3 0.55548828125 0.5415625 0.0151416015625 0.022294921875
3 0.7143115234375 0.56443359375 0.0169677734375 0.023408203125
3 0.725751953125 0.50822265625 0.0164111328125 0.03095703125
3 0.71982421875 0.6322265625 0.015712890625 0.030625
3 0.485458984375 0.461357421875 0.0145751953125 0.02875
3 0.4811328125 0.40654296875 0.0159716796875 0.04244140625
3 0.4550439453125 0.368193359375 0.020712890625 0.02767578125
3 0.446396484375 0.482001953125 0.0145751953125 0.036552734375
3 0.486572265625 0.489814453125 0.0145751953125 0.0276171875
3 0.47087890625 0.4736328125 0.0155517578125 0.028740234375
3 0.5700634765625 0.678251953125 0.015283203125 0.038974609375
3 0.323564453125 0.659423828125 0.0278173828125 0.038701171875