3 0.43474609375 0.34740234375 0.02921875 0.0580859375
3 0.3746923828125 0.379072265625 0.030751953125 0.034921875
3 0.3389794921875 0.398173828125 0.024052734375 0.09265625
3 0.3170068359375 0.3397265625 0.029208984375 0.068974609375
3 0.350556640625 0.683408203125 0.0371630859375 0.057666015625
3 0.28994140625 0.728603515625 0.034228515625 0.058759765625
3 0.3908740234375 0.87142578125 0.0262890625 0.043076171875
3 0.4416552734375 0.8458984375 0.0307568359375 0.0450390625
3 0.63193359375 0.442802734375 0.0296533203125 0.05916015625
3 0.57404296875 0.485908203125 0.031044921875 0.053291015625
3 0.6149169921875 0.519658203125 0.019052734375 0.03708984375
3 0.833447265625 0.592607421875 0.035390625 0.051845703125
3 0.7870654296875 0.69177734375 0.0430615234375 0.052080078125
3 0.757138671875 0.7537109375 0.0568701171875 0.04201171875
3 0.7136865234375 0.6146484375 0.0224072265625 0.045703125
3 0.7181494140625 0.71228515625 0.024638671875 0.040078125
3 0.6497216796875 0.74115234375 0.0205908203125 0.0448046875
3 0.68173828125 0.683828125 0.0165478515625 0.05013671875
3 0.70775390625 0.67783203125 0.0173486328125 0.0353515625
3 0.5752978515625 0.607119140625 0.0257421875 0.047373046875
3 0.5998486328125 0.720224609375 0.0659228515625 0.108974609375
3 0.6191015625 0.64017578125 0.027421875 0.043740234375
3 0.64888671875 0.6613671875 0.0211474609375 0.050419921875
3 0.543701171875 0.785087890625 0.0205810546875 0.046181640625
3 0.54962890625 0.701259765625 0.0401025390625 0.093359375
3 0.4770849609375 0.64017578125 0.0212744140625 0.043740234375
3 0.4809912109375 0.774765625 0.02126953125 0.048994140625
3 0.4749951171875 0.83892578125 0.022666015625 0.0366796875
3 0.495849609375 0.710185546875 0.0409423828125 0.06658203125
3 0.4833642578125 0.490224609375 0.044990234375 0.07587890625
3 0.4182177734375 0.4970703125 0.0363330078125 0.051044921875
3 0.205263671875 0.44294921875 0.050126953125 0.056650390625
3 0.1773681640625 0.252685546875 0.083603515625 0.13373046875
3 0.1378857421875 0.448662109375 0.0355322265625 0.076455078125
3 0.1731787109375 0.67197265625 0.036171875 0.0626953125
3 0.7023828125 0.351455078125 0.041484375 0.04107421875
3 0.649375 0.37501953125 0.019892578125 0.029619140625