3 0.5928759765625 0.231083984375 0.014990234375 0.043076171875
3 0.6503466796875 0.24837890625 0.0239111328125 0.03302734375
3 0.6779736328125 0.3125390625 0.0212890625 0.03857421875
3 0.15259765625 0.570966796875 0.1221630859375 0.295947265625
3 0.4137548828125 0.74771484375 0.0195947265625 0.0272265625
3 0.4283984375 0.822890625 0.0165234375 0.02859375
3 0.44841796875 0.7842578125 0.0186181640625 0.0277734375
3 0.5020556640625 0.774072265625 0.0187646484375 0.03251953125
3 0.3451171875 0.769326171875 0.017353515625 0.02861328125
3 0.3063330078125 0.8128515625 0.022373046875 0.03751953125
3 0.24083984375 0.71353515625 0.0319921875 0.05095703125
3 0.59419921875 0.7270703125 0.0479248046875 0.041748046875