3 0.51904296875 0.509765625 0.0927734375 0.10546875
3 0.331298828125 0.21484375 0.06640625 0.1015625
3 0.817197265625 0.369443359375 0.0497607421875 0.0742578125
3 0.7709521484375 0.403896484375 0.0376171875 0.0455078125
3 0.7040576171875 0.3465625 0.0444482421875 0.09546875
3 0.660185546875 0.239033203125 0.0303564453125 0.045029296875
3 0.5915478515625 0.260654296875 0.0180712890625 0.03748046875
3 0.6204248046875 0.21392578125 0.0177978515625 0.039453125
3 0.5546533203125 0.3959375 0.0391357421875 0.06587890625
3 0.465927734375 0.266640625 0.04359375 0.06119140625
3 0.3898291015625 0.268876953125 0.0409375 0.065654296875
3 0.38041015625 0.383935546875 0.03326171875 0.13673828125
3 0.43802734375 0.4262109375 0.032431640625 0.034345703125
3 0.488037109375 0.71966796875 0.0454052734375 0.107861328125
3 0.2205419921875 0.616455078125 0.0293408203125 0.0420703125
3 0.48552734375 0.18169921875 0.0448486328125 0.083828125