3 0.5075 0.195791015625 0.0329931640625 0.0645703125
3 0.739072265625 0.28576171875 0.0218505859375 0.029658203125
3 0.7716455078125 0.3242578125 0.0166943359375 0.028525390625
3 0.44890625 0.586328125 0.0274072265625 0.04208984375
3 0.4802978515625 0.464990234375 0.0232275390625 0.039345703125
3 0.4999658203125 0.33345703125 0.02015625 0.03244140625
3 0.5130810546875 0.837392578125 0.0218310546875 0.0308203125
3 0.338837890625 0.209462890625 0.03828125 0.06400390625
3 0.4362841796875 0.179189453125 0.0568408203125 0.0620703125
3 0.5781591796875 0.293427734375 0.0214208984375 0.04779296875
3 0.5685986328125 0.472236328125 0.01681640625 0.031533203125