3 0.57568359375 0.3447265625 0.0791015625 0.166015625
3 0.810986328125 0.399287109375 0.02171875 0.0391015625
3 0.8204736328125 0.474052734375 0.0306494140625 0.0546875
3 0.7245654296875 0.60333984375 0.0229638671875 0.052685546875
3 0.6913623046875 0.5418359375 0.0391455078125 0.050751953125
3 0.66513671875 0.40849609375 0.041376953125 0.07423828125
3 0.7371923828125 0.3391796875 0.02701171875 0.03884765625
3 0.3947802734375 0.304443359375 0.0296337890625 0.039140625
3 0.382783203125 0.241962890625 0.0089892578125 0.025771484375
3 0.3934521484375 0.2059765625 0.0109619140625 0.037509765625
3 0.4316064453125 0.204443359375 0.0161181640625 0.02048828125
3 0.46306640625 0.25060546875 0.0166650390625 0.035263671875
3 0.1069873046875 0.476552734375 0.038818359375 0.132236328125
3 0.1678759765625 0.520498046875 0.0132958984375 0.044345703125
3 0.1936181640625 0.596376953125 0.0190185546875 0.02869140625
3 0.2300244140625 0.678388671875 0.0159521484375 0.0253125
3 0.271181640625 0.717587890625 0.031298828125 0.033935546875
3 0.3164501953125 0.7302734375 0.0131982421875 0.0286328125
3 0.3356982421875 0.72107421875 0.015263671875 0.026962890625
3 0.355859375 0.727763671875 0.00982421875 0.018037109375
3 0.406708984375 0.760263671875 0.029091796875 0.05791015625
3 0.55806640625 0.50697265625 0.019873046875 0.040166015625
3 0.4378173828125 0.7608203125 0.0175048828125 0.025546875
3 0.45623046875 0.719951171875 0.0215576171875 0.035888671875