3 0.541748046875 0.63623046875 0.06494140625 0.1142578125
3 0.6908740234375 0.65021484375 0.0359375 0.074970703125
3 0.78259765625 0.5015234375 0.02966796875 0.06220703125
3 0.71640625 0.530673828125 0.0434716796875 0.0619140625
3 0.6843896484375 0.420625 0.036357421875 0.067822265625
3 0.6896923828125 0.28115234375 0.0313330078125 0.05671875
3 0.4788330078125 0.163017578125 0.03591796875 0.034169921875
3 0.5221484375 0.23484375 0.0232275390625 0.03107421875
3 0.5592529296875 0.271669921875 0.03830078125 0.03775390625
3 0.2671337890625 0.6373828125 0.0477587890625 0.071630859375
3 0.16990234375 0.405146484375 0.0351953125 0.0653125
3 0.13279296875 0.430390625 0.0290576171875 0.059443359375
3 0.670927734375 0.580048828125 0.0395654296875 0.06580078125