3 0.493408203125 0.4609375 0.05615234375 0.14453125
3 0.6770654296875 0.44908203125 0.0328662109375 0.057763671875
3 0.7300048828125 0.42802734375 0.0241845703125 0.046337890625
3 0.7535107421875 0.423701171875 0.0250634765625 0.03490234375
3 0.542724609375 0.25326171875 0.025322265625 0.0344140625
3 0.515869140625 0.33318359375 0.0172265625 0.035224609375
3 0.530654296875 0.32927734375 0.0089990234375 0.03857421875
3 0.17869140625 0.536259765625 0.0505419921875 0.041826171875
3 0.2622509765625 0.597353515625 0.0212548828125 0.0334375
3 0.3919921875 0.517294921875 0.0184765625 0.023984375
3 0.4540673828125 0.668212890625 0.014296875 0.018896484375
3 0.65048828125 0.641845703125 0.0343994140625 0.035927734375
3 0.6246826171875 0.511015625 0.0218408203125 0.03654296875
2 0.107265625 0.492744140625 0.0762060546875 0.115478515625