3 0.259111328125 0.56080078125 0.03171875 0.0663671875
3 0.214541015625 0.297744140625 0.044130859375 0.08154296875
3 0.2865966796875 0.196064453125 0.0465087890625 0.070703125
3 0.638564453125 0.23080078125 0.046259765625 0.063720703125
3 0.7440283203125 0.286181640625 0.0462646484375 0.037744140625
3 0.5084765625 0.839208984375 0.0505712890625 0.065126953125
3 0.204775390625 0.701123046875 0.024599609375 0.051240234375
3 0.514267578125 0.54197265625 0.065498046875 0.08171875
3 0.5434912109375 0.615341796875 0.0335546875 0.055458984375
3 0.546767578125 0.69568359375 0.0367626953125 0.08220703125
3 0.4590185546875 0.673505859375 0.019326171875 0.035078125
3 0.5026171875 0.69875 0.0399658203125 0.049287109375
3 0.5019189453125 0.62482421875 0.045126953125 0.0855859375