3 0.406220703125 0.3826953125 0.0402392578125 0.05890625
3 0.3614404296875 0.436943359375 0.0265625 0.08650390625
3 0.2567431640625 0.375859375 0.0448291015625 0.0703515625
3 0.243486328125 0.518828125 0.03078125 0.045458984375
3 0.2730615234375 0.50640625 0.020556640625 0.05244140625
3 0.5453759765625 0.297890625 0.0228125 0.0232421875
3 0.73216796875 0.294267578125 0.0354833984375 0.0550390625
3 0.7861572265625 0.448798828125 0.0434765625 0.085107421875
3 0.8458642578125 0.46373046875 0.04125 0.061943359375
3 0.7857373046875 0.6471484375 0.035947265625 0.049873046875
3 0.417939453125 0.64630859375 0.0391259765625 0.044853515625
3 0.7217041015625 0.438896484375 0.033984375 0.073671875
3 0.65341796875 0.38171875 0.0759716796875 0.054169921875
3 0.630751953125 0.462470703125 0.0306298828125 0.051064453125
3 0.698759765625 0.579072265625 0.04947265625 0.09453125