3 0.702802734375 0.644345703125 0.083232421875 0.102314453125
3 0.8061767578125 0.590927734375 0.063427734375 0.08197265625
3 0.6194482421875 0.464423828125 0.0370458984375 0.060556640625
3 0.593291015625 0.33177734375 0.026025390625 0.071484375
3 0.5577880859375 0.388271484375 0.0342529296875 0.081220703125
3 0.5121728515625 0.313505859375 0.02783203125 0.076796875
3 0.4981494140625 0.234287109375 0.09060546875 0.0969140625
3 0.3394677734375 0.2930078125 0.0506982421875 0.057548828125
3 0.1892236328125 0.4280078125 0.057099609375 0.157919921875
3 0.306474609375 0.6503515625 0.0695263671875 0.083623046875
3 0.3836181640625 0.69400390625 0.051953125 0.05654296875
3 0.4905517578125 0.816748046875 0.0448486328125 0.081044921875
3 0.4163330078125 0.89109375 0.02140625 0.023818359375
3 0.7484228515625 0.521611328125 0.04947265625 0.062197265625
3 0.68759765625 0.533330078125 0.0606298828125 0.081162109375
3 0.6400244140625 0.394404296875 0.0279833984375 0.06671875
3 0.6338916015625 0.282412109375 0.0848974609375 0.112216796875
3 0.3621337890625 0.518125 0.0334228515625 0.06470703125
3 0.3796435546875 0.452431640625 0.019453125 0.055537109375
3 0.5449560546875 0.472373046875 0.032021484375 0.0625
3 0.45671875 0.468056640625 0.0328564453125 0.051064453125
3 0.499619140625 0.5249609375 0.04736328125 0.086748046875
3 0.4891552734375 0.4658203125 0.0320166015625 0.0466015625
3 0.432236328125 0.52607421875 0.045400390625 0.06666015625