3 0.362060546875 0.5361328125 0.1279296875 0.2314453125
3 0.4632763671875 0.64658203125 0.0405224609375 0.07330078125
3 0.6202880859375 0.590927734375 0.0275634765625 0.073046875
3 0.6105224609375 0.488837890625 0.0321484375 0.022880859375
3 0.789853515625 0.384921875 0.0350634765625 0.0410546875
3 0.7778564453125 0.551875 0.0166455078125 0.059677734375
3 0.8107763671875 0.528447265625 0.0235302734375 0.023974609375
3 0.71884765625 0.4144921875 0.0204541015625 0.033232421875
3 0.693876953125 0.362744140625 0.0229638671875 0.034091796875
3 0.6034765625 0.243212890625 0.0251904296875 0.036650390625
3 0.466416015625 0.4521484375 0.03005859375 0.0583203125
3 0.3986181640625 0.17236328125 0.0373095703125 0.040029296875
3 0.7226123046875 0.570576171875 0.01888671875 0.028974609375
3 0.739072265625 0.533330078125 0.0227880859375 0.036533203125
3 0.67525390625 0.68298828125 0.0392822265625 0.05404296875
3 0.3678564453125 0.28115234375 0.024892578125 0.034404296875
3 0.2921044921875 0.37501953125 0.04525390625 0.04078125
3 0.2666455078125 0.2917578125 0.0222314453125 0.04220703125
3 0.0942919921875 0.4716796875 0.0390966796875 0.041572265625
3 0.3590673828125 0.408916015625 0.020703125 0.046630859375
3 0.2646240234375 0.446298828125 0.0226513671875 0.04103515625
3 0.2109130859375 0.317978515625 0.0346435546875 0.05224609375
3 0.1627880859375 0.417421875 0.044404296875 0.069775390625