3 0.5431396484375 0.321181640625 0.027275390625 0.039130859375
3 0.5801806640625 0.444619140625 0.029931640625 0.06
3 0.623984375 0.55271484375 0.026025390625 0.033447265625
3 0.6874560546875 0.531796875 0.0302197265625 0.030673828125
3 0.6562109375 0.62775390625 0.025751953125 0.05517578125
3 0.395546875 0.729716796875 0.0179345703125 0.02751953125
3 0.4110302734375 0.7023828125 0.0152685546875 0.028642578125
3 0.4388623046875 0.67671875 0.0083056640625 0.033115234375
3 0.451279296875 0.676435546875 0.0087158203125 0.026982421875
3 0.470390625 0.653837890625 0.01234375 0.020859375
3 0.3479052734375 0.74087890625 0.0229345703125 0.038671875
3 0.4677392578125 0.86654296875 0.0137353515625 0.03052734375
3 0.4883154296875 0.83572265625 0.0109521484375 0.027470703125
3 0.5768994140625 0.873662109375 0.0322998046875 0.0475390625
3 0.5318408203125 0.61087890625 0.014296875 0.02421875
3 0.5434912109375 0.657744140625 0.022392578125 0.028662109375
3 0.5598828125 0.619248046875 0.02169921875 0.029794921875
3 0.5602294921875 0.73306640625 0.0279736328125 0.04537109375
3 0.509453125 0.776025390625 0.0290869140625 0.030849609375
3 0.5837353515625 0.768916015625 0.0258837890625 0.027216796875