3 0.465087890625 0.35302734375 0.04833984375 0.099609375
3 0.69287109375 0.6298828125 0.0693359375 0.1064453125
3 0.4648095703125 0.1546484375 0.0346630859375 0.046455078125
3 0.2720849609375 0.224521484375 0.030498046875 0.0494921875
3 0.2915478515625 0.191328125 0.0206982421875 0.026630859375
3 0.2571630859375 0.374599609375 0.03673828125 0.088486328125
3 0.219560546875 0.27724609375 0.0529638671875 0.053369140625
3 0.6765087890625 0.4210546875 0.033984375 0.060283203125
3 0.7730419921875 0.699453125 0.03064453125 0.047890625
3 0.7073388671875 0.732919921875 0.0364990234375 0.047880859375
3 0.3297705078125 0.726083984375 0.048046875 0.09279296875
3 0.5744580078125 0.209736328125 0.0283837890625 0.06791015625