3 0.531982421875 0.512265625 0.05517578125 0.047421875
3 0.6648583984375 0.540439453125 0.0754150390625 0.1093359375
3 0.682646484375 0.649091796875 0.0551904296875 0.072744140625
3 0.4413037109375 0.63751953125 0.057958984375 0.057958984375
3 0.428193359375 0.7334765625 0.03396484375 0.082470703125
3 0.27564453125 0.60306640625 0.0324169921875 0.077783203125
3 0.2159375 0.480048828125 0.0357568359375 0.058310546875
3 0.249833984375 0.532490234375 0.02208984375 0.042666015625
3 0.22228515625 0.57615234375 0.029482421875 0.060224609375
3 0.520751953125 0.3702734375 0.04833984375 0.05919921875
3 0.45072265625 0.36818359375 0.042197265625 0.07453125
3 0.3527197265625 0.38841796875 0.0314453125 0.060859375
3 0.4099169921875 0.444619140625 0.04205078125 0.05107421875
3 0.35244140625 0.51212890625 0.032001953125 0.0833984375
3 0.3233544921875 0.5 0.0205908203125 0.0496484375
3 0.3185400390625 0.553134765625 0.0302197265625 0.04154296875
3 0.6252392578125 0.394404296875 0.0374658203125 0.0488671875
3 0.620146484375 0.322998046875 0.023935546875 0.051123046875
3 0.3864111328125 0.6205078125 0.0329833984375 0.0518359375