3 0.8651171875 0.584384765625 0.0194921875 0.03259765625
3 0.76830078125 0.588984375 0.040126953125 0.05017578125
3 0.80017578125 0.678388671875 0.0112548828125 0.014150390625
3 0.8024072265625 0.643935546875 0.0235302734375 0.03173828125
3 0.4550439453125 0.51212890625 0.0151318359375 0.027607421875
3 0.4450732421875 0.57740234375 0.0141552734375 0.035390625
3 0.361298828125 0.62650390625 0.012890625 0.03314453125
3 0.3830615234375 0.576708984375 0.0140087890625 0.03232421875
3 0.42009765625 0.680625 0.0166650390625 0.029765625
3 0.2053369140625 0.531796875 0.0312939453125 0.0462890625
3 0.659140625 0.52802734375 0.023798828125 0.031513671875
3 0.6373046875 0.62357421875 0.0203076171875 0.018916015625
3 0.637724609375 0.73208984375 0.020029296875 0.045087890625
3 0.584365234375 0.524267578125 0.0204443359375 0.034580078125
3 0.5406298828125 0.579501953125 0.0211376953125 0.04236328125
3 0.5342138671875 0.50529296875 0.0218310546875 0.027890625
3 0.290361328125 0.2663671875 0.0138623046875 0.032734375