3 0.355224609375 0.5537109375 0.13525390625 0.2275390625
3 0.604248046875 0.43701171875 0.06298828125 0.111328125
3 0.59716796875 0.6943359375 0.0537109375 0.2158203125
3 0.4420703125 0.381435546875 0.038291015625 0.059189453125
3 0.407333984375 0.210859375 0.026845703125 0.05005859375
3 0.6171484375 0.117685546875 0.0815478515625 0.053447265625
3 0.749189453125 0.268046875 0.03091796875 0.05169921875
3 0.7069189453125 0.3287109375 0.0469287109375 0.0709375
3 0.718427734375 0.26525390625 0.0261376953125 0.041669921875
3 0.8068017578125 0.613525390625 0.04125 0.06578125
3 0.4431884765625 0.610029296875 0.0695361328125 0.150869140625
3 0.4803662109375 0.655517578125 0.016669921875 0.046513671875
3 0.3885009765625 0.815634765625 0.024892578125 0.031943359375
3 0.334931640625 0.75203125 0.0293505859375 0.038662109375
3 0.4872021484375 0.906015625 0.030341796875 0.022978515625
3 0.6818798828125 0.81326171875 0.0302197265625 0.0523046875
3 0.0996630859375 0.41533203125 0.0297509765625 0.051640625
3 0.1752734375 0.4281640625 0.025849609375 0.03935546875
3 0.15099609375 0.593857421875 0.0163623046875 0.07388671875
3 0.7231689453125 0.132607421875 0.0412060546875 0.063759765625
3 0.403779296875 0.15896484375 0.029775390625 0.046728515625
2 0.2790625 0.319228515625 0.0716162109375 0.0966015625