3 0.366943359375 0.52587890625 0.0791015625 0.1279296875
3 0.44580078125 0.6962890625 0.09521484375 0.224609375
3 0.579833984375 0.494140625 0.0654296875 0.11328125
3 0.717529296875 0.521484375 0.0712890625 0.1484375
3 0.5507470703125 0.351171875 0.0558740234375 0.066171875
3 0.6663916015625 0.3748828125 0.03607421875 0.06560546875
3 0.6624169921875 0.3079296875 0.0258935546875 0.0433203125
3 0.743818359375 0.6269140625 0.0458447265625 0.070244140625
3 0.439423828125 0.43806640625 0.0352197265625 0.055263671875
3 0.48259765625 0.347119140625 0.02685546875 0.074267578125
3 0.3816650390625 0.38896484375 0.0257275390625 0.09322265625
3 0.3529296875 0.306953125 0.040791015625 0.07205078125
3 0.285478515625 0.400546875 0.026416015625 0.072294921875
3 0.235400390625 0.48451171875 0.0478955078125 0.049375
3 0.2400732421875 0.5892578125 0.0237646484375 0.04515625
3 0.268388671875 0.53947265625 0.0257177734375 0.037646484375
3 0.304384765625 0.630830078125 0.0318603515625 0.044580078125
3 0.2943359375 0.583125 0.0240478515625 0.04404296875
3 0.3889892578125 0.0916015625 0.025869140625 0.03197265625
3 0.5098681640625 0.128701171875 0.0198779296875 0.044794921875
3 0.4428369140625 0.23484375 0.0264306640625 0.042236328125
3 0.408173828125 0.3313671875 0.0251708984375 0.034384765625