3 0.685302734375 0.6015625 0.0908203125 0.1474609375
3 0.7209375 0.730966796875 0.0581201171875 0.060712890625
3 0.889248046875 0.45521484375 0.029814453125 0.058876953125
3 0.3472802734375 0.214765625 0.018330078125 0.031083984375
3 0.2416064453125 0.281572265625 0.0290673828125 0.049189453125
3 0.2044970703125 0.592890625 0.013994140625 0.0356640625
3 0.213984375 0.53876953125 0.028505859375 0.027880859375
3 0.33583984375 0.66513671875 0.028935546875 0.029501953125
3 0.581015625 0.705029296875 0.033837890625 0.059052734375
3 0.6041748046875 0.63765625 0.02658203125 0.044296875
3 0.8033837890625 0.323271484375 0.0522705078125 0.06841796875