3 0.663818359375 0.2412109375 0.0966796875 0.154296875
3 0.286865234375 0.5693359375 0.12158203125 0.1806640625
3 0.508056640625 0.58251953125 0.087890625 0.1826171875
3 0.82373046875 0.5791015625 0.0869140625 0.1611328125
3 0.648466796875 0.4086328125 0.025888671875 0.0494140625
3 0.5546484375 0.342109375 0.022392578125 0.030751953125
3 0.5920361328125 0.2851953125 0.020166015625 0.03970703125
3 0.5385400390625 0.17138671875 0.016953125 0.024130859375
3 0.5758544921875 0.19328125 0.013466796875 0.031650390625
3 0.599150390625 0.187841796875 0.0198876953125 0.029150390625
3 0.740400390625 0.257021484375 0.06802734375 0.06705078125
3 0.8267529296875 0.355908203125 0.035390625 0.076767578125
3 0.7505126953125 0.385888671875 0.1003466796875 0.16853515625
3 0.6257958984375 0.562197265625 0.030771484375 0.074736328125
3 0.5969873046875 0.53361328125 0.0246142578125 0.053828125
3 0.278994140625 0.696240234375 0.0324169921875 0.061005859375
3 0.291826171875 0.762216796875 0.0290673828125 0.033916015625
3 0.383759765625 0.588984375 0.0265673828125 0.061328125
3 0.3869677734375 0.47837890625 0.0285205078125 0.04380859375
3 0.48064453125 0.392314453125 0.029501953125 0.030732421875
3 0.51056640625 0.420078125 0.02685546875 0.033232421875
3 0.5488623046875 0.458154296875 0.0186279296875 0.03962890625
3 0.3444189453125 0.212666015625 0.0215380859375 0.039736328125
3 0.2921044921875 0.437919921875 0.0396728515625 0.09125
3 0.4966162109375 0.306962890625 0.02685546875 0.027421875
3 0.7387939453125 0.646171875 0.02798828125 0.04736328125
3 0.6818798828125 0.666669921875 0.0357958984375 0.0353515625
3 0.698896484375 0.73794921875 0.026142578125 0.0467578125
3 0.7129150390625 0.687880859375 0.0286865234375 0.04203125