3 0.307861328125 0.2900390625 0.1171875 0.173828125
3 0.6462353515625 0.288125 0.0303564453125 0.065087890625
3 0.575576171875 0.3201953125 0.0586669921875 0.12365234375
3 0.51935546875 0.316298828125 0.0493115234375 0.1046875
3 0.4618115234375 0.28896484375 0.0416455078125 0.061181640625
3 0.4946630859375 0.20638671875 0.036201171875 0.074609375
3 0.403427734375 0.422587890625 0.0290771484375 0.054990234375
3 0.4090771484375 0.2812890625 0.053369140625 0.076533203125
3 0.2499755859375 0.448671875 0.01232421875 0.042978515625
3 0.147578125 0.47140625 0.0218017578125 0.035439453125
3 0.174853515625 0.411005859375 0.0216650390625 0.040205078125
3 0.0997998046875 0.494140625 0.0155224609375 0.027900390625
3 0.3350048828125 0.687314453125 0.03060546875 0.05431640625
3 0.5014990234375 0.649658203125 0.0310400390625 0.05154296875
3 0.4406787109375 0.56123046875 0.0131787109375 0.036513671875
3 0.3762939453125 0.572109375 0.02056640625 0.03037109375
3 0.449462890625 0.605302734375 0.0151318359375 0.02421875
3 0.405380859375 0.676015625 0.014013671875 0.023359375
3 0.4441650390625 0.731953125 0.025732421875 0.043134765625
3 0.6066162109375 0.556201171875 0.025888671875 0.0487890625
3 0.44890625 0.4697265625 0.0151318359375 0.03208984375
3 0.217890625 0.561640625 0.020693359375 0.040146484375
3 0.23853515625 0.56416015625 0.012880859375 0.028427734375
3 0.2426513671875 0.662626953125 0.017763671875 0.03005859375
3 0.1002880859375 0.6036328125 0.0176123046875 0.03203125
3 0.1164697265625 0.564013671875 0.0198486328125 0.0309375
3 0.3147021484375 0.64435546875 0.0166845703125 0.035361328125
3 0.3354931640625 0.612412109375 0.0170751953125 0.030078125