3 0.6061962890625 0.3826953125 0.02951171875 0.05890625
3 0.610869140625 0.466943359375 0.0202880859375 0.03767578125
3 0.63583984375 0.421611328125 0.0207275390625 0.03015625
3 0.6428173828125 0.46638671875 0.0134716796875 0.025400390625
3 0.569296875 0.585771484375 0.034951171875 0.06328125
3 0.5380517578125 0.739755859375 0.02490234375 0.04759765625
3 0.49787109375 0.724140625 0.021552734375 0.038681640625
3 0.4043359375 0.584658203125 0.028662109375 0.038740234375
3 0.329423828125 0.640029296875 0.0250244140625 0.04625
3 0.23365234375 0.56318359375 0.01427734375 0.04599609375
3 0.2870849609375 0.252978515625 0.027392578125 0.039443359375
3 0.6530712890625 0.2729296875 0.030634765625 0.044169921875
3 0.7427001953125 0.426767578125 0.031337890625 0.04662109375
3 0.6900390625 0.541279296875 0.051669921875 0.049638671875
3 0.6833447265625 0.469169921875 0.0175244140625 0.019814453125
3 0.7084521484375 0.482138671875 0.034267578125 0.031806640625
3 0.7089404296875 0.4428125 0.019619140625 0.02568359375
3 0.66171875 0.4596875 0.018916015625 0.023173828125
3 0.6701611328125 0.4230078125 0.0201708984375 0.02513671875
3 0.7567236328125 0.483818359375 0.053798828125 0.035146484375
2 0.2930126953125 0.530810546875 0.0559912109375 0.092880859375
0 0.573974609375 0.31658203125 0.064384765625 0.072880859375