3 0.5575830078125 0.309326171875 0.058388671875 0.07400390625
3 0.427705078125 0.32759765625 0.0419140625 0.079853515625
3 0.2323974609375 0.49982421875 0.0251611328125 0.094619140625
3 0.3307470703125 0.770302734375 0.0265625 0.089150390625
3 0.413193359375 0.687314453125 0.037451171875 0.05431640625
3 0.7377490234375 0.5794921875 0.0370556640625 0.0646875
3 0.736005859375 0.66388671875 0.031337890625 0.045400390625
3 0.8263330078125 0.609765625 0.0468310546875 0.05546875
3 0.4886669921875 0.198017578125 0.0232275390625 0.05787109375
3 0.6309619140625 0.27724609375 0.045556640625 0.07123046875
3 0.6716259765625 0.328720703125 0.03984375 0.066455078125