3 0.746826171875 0.38818359375 0.0576171875 0.1064453125
3 0.631103515625 0.60693359375 0.05224609375 0.1142578125
3 0.622451171875 0.743515625 0.02630859375 0.09810546875
3 0.70078125 0.702099609375 0.0244970703125 0.055986328125
3 0.665693359375 0.69470703125 0.0322802734375 0.055146484375
3 0.659345703125 0.742548828125 0.0197509765625 0.0353125
3 0.4049658203125 0.699169921875 0.0321484375 0.043984375
3 0.4330029296875 0.71744140625 0.0201513671875 0.02529296875
3 0.435234375 0.747431640625 0.02908203125 0.025556640625
3 0.2460693359375 0.503759765625 0.0257177734375 0.026494140625
3 0.285830078125 0.66611328125 0.01595703125 0.03423828125
3 0.3555078125 0.733896484375 0.0258642578125 0.04146484375
3 0.772626953125 0.602373046875 0.02869140625 0.032314453125