3 0.4921533203125 0.35939453125 0.01904296875 0.0541796875
3 0.6640234375 0.542255859375 0.0157080078125 0.032060546875
3 0.5788525390625 0.751474609375 0.0228173828125 0.037548828125
3 0.6163134765625 0.748408203125 0.027421875 0.02583984375
3 0.64560546875 0.75091796875 0.0246337890625 0.0252734375
3 0.69638671875 0.6740625 0.0235205078125 0.03619140625
3 0.721494140625 0.675458984375 0.0179443359375 0.044560546875
3 0.77673828125 0.564990234375 0.0190673828125 0.035673828125
3 0.7655078125 0.4034765625 0.023388671875 0.053046875
3 0.2945458984375 0.65900390625 0.0166552734375 0.041767578125
3 0.24767578125 0.4580078125 0.0155322265625 0.05330078125
3 0.1810595703125 0.5191015625 0.0273876953125 0.0359765625
3 0.080478515625 0.5100390625 0.019287109375 0.031796875
3 0.1065673828125 0.511015625 0.020126953125 0.03654296875
3 0.13572265625 0.487724609375 0.0204052734375 0.04296875
3 0.344697265625 0.177802734375 0.0225439453125 0.03361328125
3 0.4385107421875 0.203046875 0.0123486328125 0.034443359375
3 0.468994140625 0.16845703125 0.0262939453125 0.0322265625
3 0.2943359375 0.327177734375 0.018466796875 0.031591796875
3 0.4853857421875 0.74185546875 0.0144384765625 0.032255859375
3 0.51140625 0.78048828125 0.0129052734375 0.02861328125
3 0.5107080078125 0.75064453125 0.012626953125 0.019140625
3 0.5743896484375 0.815078125 0.0184765625 0.030830078125
3 0.18517578125 0.65802734375 0.0177587890625 0.0348046875
3 0.7598583984375 0.647568359375 0.022509765625 0.0445703125