3 0.7039892578125 0.292451171875 0.0376123046875 0.054208984375
3 0.5836669921875 0.3560546875 0.0223974609375 0.04748046875
3 0.5670654296875 0.228154296875 0.02267578125 0.040009765625
3 0.50115234375 0.5801953125 0.0526611328125 0.08560546875
3 0.3002001953125 0.6465625 0.034658203125 0.0621875
3 0.4246337890625 0.525517578125 0.025732421875 0.0320703125
3 0.4579052734375 0.444619140625 0.0331298828125 0.048837890625
3 0.3003369140625 0.4164453125 0.0427392578125 0.053876953125
3 0.30005859375 0.533193359375 0.0377197265625 0.0501953125
3 0.2315625 0.5548046875 0.0379931640625 0.05158203125
3 0.23986328125 0.3306640625 0.03673828125 0.058095703125
3 0.394638671875 0.16162109375 0.032705078125 0.032509765625
3 0.870693359375 0.476142578125 0.0195703125 0.039345703125