3 0.5150341796875 0.53654296875 0.03466796875 0.045732421875
3 0.5473291015625 0.590234375 0.030068359375 0.049892578125
3 0.5470458984375 0.681455078125 0.030625 0.037021484375
3 0.421845703125 0.65732421875 0.0368896484375 0.06966796875
3 0.3405126953125 0.611015625 0.0237744140625 0.055185546875
3 0.31275390625 0.6464453125 0.02181640625 0.055732421875
3 0.2524169921875 0.50306640625 0.0227880859375 0.03458984375
3 0.28150390625 0.505439453125 0.02181640625 0.03654296875
3 0.286455078125 0.262744140625 0.02279296875 0.03552734375
3 0.83400390625 0.427880859375 0.0286962890625 0.060009765625
3 0.7872705078125 0.44810546875 0.030087890625 0.041865234375
3 0.7318896484375 0.47083984375 0.0376171875 0.056640625
3 0.699248046875 0.307236328125 0.0303564453125 0.044716796875
3 0.761396484375 0.329833984375 0.02185546875 0.028525390625
3 0.8492822265625 0.567919921875 0.0302294921875 0.04990234375
3 0.81970703125 0.615625 0.0335791015625 0.050439453125
3 0.8201220703125 0.55369140625 0.0314306640625 0.04935546875
3 0.6890625 0.692470703125 0.042353515625 0.05068359375
2 0.476318359375 0.260224609375 0.06326171875 0.09857421875