3 0.270263671875 0.54150390625 0.08837890625 0.1396484375
3 0.3782470703125 0.42537109375 0.027822265625 0.06056640625
3 0.3169384765625 0.377255859375 0.0502734375 0.103251953125
3 0.4069873046875 0.143486328125 0.0373095703125 0.04646484375
3 0.2513037109375 0.25771484375 0.0696630859375 0.07681640625
3 0.2015673828125 0.54490234375 0.039384765625 0.08701171875
3 0.533515625 0.814521484375 0.051123046875 0.06318359375
3 0.5352587890625 0.73599609375 0.02490234375 0.026123046875
3 0.6124072265625 0.81005859375 0.0296533203125 0.065419921875
3 0.558486328125 0.8439453125 0.0356494140625 0.05787109375
3 0.3894091796875 0.8426953125 0.038984375 0.06931640625