3 0.4457666015625 0.4437890625 0.0211279296875 0.0304296875
3 0.411103515625 0.4541015625 0.0310302734375 0.07896484375
3 0.437119140625 0.611435546875 0.0440087890625 0.069970703125
3 0.5201220703125 0.5801953125 0.0426220703125 0.063291015625
3 0.4916650390625 0.670576171875 0.02880859375 0.047626953125
3 0.476806640625 0.502646484375 0.0228125 0.042119140625
3 0.4839892578125 0.572939453125 0.0218359375 0.0487890625
3 0.6834130859375 0.515888671875 0.035517578125 0.07140625
3 0.6071728515625 0.49818359375 0.1203125 0.055517578125
3 0.6372314453125 0.539892578125 0.0813916015625 0.065791015625
3 0.6068212890625 0.594140625 0.0540478515625 0.08001953125