3 0.3681640625 0.244140625 0.07421875 0.1015625
3 0.5463525390625 0.80712890625 0.0236474609375 0.062353515625
3 0.5743896484375 0.7390625 0.029638671875 0.03783203125
3 0.3781787109375 0.533330078125 0.02923828125 0.047685546875
3 0.4510693359375 0.315322265625 0.0229541015625 0.0553125
3 0.7114501953125 0.4093359375 0.032451171875 0.048017578125
3 0.793759765625 0.61087890625 0.02966796875 0.046533203125
3 0.6115673828125 0.720654296875 0.020166015625 0.045654296875
3 0.66646484375 0.7588671875 0.0317529296875 0.049541015625
3 0.63375 0.764169921875 0.0232373046875 0.0433984375
3 0.5152392578125 0.76220703125 0.027275390625 0.07185546875
3 0.45072265625 0.648125 0.0209912109375 0.03453125
3 0.38236328125 0.67224609375 0.02935546875 0.057666015625
3 0.52947265625 0.420078125 0.0211376953125 0.044384765625
3 0.2097314453125 0.523291015625 0.0166455078125 0.036533203125
3 0.212451171875 0.470986328125 0.0176220703125 0.03181640625
3 0.144931640625 0.499296875 0.0187353515625 0.0354296875
3 0.1443017578125 0.438486328125 0.021943359375 0.029873046875
3 0.391015625 0.47962890625 0.01763671875 0.03236328125
3 0.4636279296875 0.7686328125 0.0635400390625 0.05232421875
3 0.3849462890625 0.776025390625 0.04791015625 0.06431640625
3 0.3255859375 0.735283203125 0.0607666015625 0.045400390625
0 0.246767578125 0.65271484375 0.077333984375 0.119052734375