2 0.6875 0.5198828125 0.05126953125 0.0986328125
3 0.3047998046875 0.4034765625 0.0304638671875 0.06419921875
3 0.2519287109375 0.4271875 0.0307421875 0.074794921875
3 0.59015625 0.416865234375 0.0364892578125 0.0575
3 0.7503759765625 0.436806640625 0.0299462890625 0.044384765625
3 0.7588818359375 0.35494140625 0.0324560546875 0.04525390625
3 0.698056640625 0.3377734375 0.046787109375 0.075107421875
3 0.5448876953125 0.740166015625 0.0285302734375 0.06908203125
3 0.421357421875 0.74701171875 0.033681640625 0.062099609375
3 0.4128466796875 0.6075390625 0.02462890625 0.037607421875
3 0.4371875 0.56736328125 0.0229443359375 0.0487890625
3 0.4135400390625 0.55564453125 0.0288134765625 0.052138671875
3 0.2896630859375 0.61966796875 0.029208984375 0.06689453125
3 0.2729931640625 0.70447265625 0.026455078125 0.044541015625
3 0.3451171875 0.339736328125 0.028515625 0.051123046875
3 0.397568359375 0.199697265625 0.0318701171875 0.0411328125
3 0.43412109375 0.40876953125 0.0301953125 0.0669921875
0 0.1715771484375 0.314765625 0.0351953125 0.05419921875
3 0.068623046875 0.439462890625 0.017890625 0.0636328125
3 0.065341796875 0.527197265625 0.0169140625 0.0398828125
0 0.707548828125 0.4372265625 0.0291015625 0.0480078125