0 0.19689453125 0.349501953125 0.0333837890625 0.0405078125
3 0.1001513671875 0.437373046875 0.021796875 0.045498046875
3 0.58673828125 0.39775390625 0.025185546875 0.04439453125
3 0.5696484375 0.268740234375 0.030068359375 0.032451171875
3 0.70140625 0.43681640625 0.0302197265625 0.044375
3 0.7401904296875 0.424677734375 0.0252001953125 0.0396484375
3 0.78455078125 0.285478515625 0.0201806640625 0.04583984375
3 0.738935546875 0.33861328125 0.0472412109375 0.04888671875
3 0.739072265625 0.290361328125 0.0374755859375 0.042763671875
3 0.67490234375 0.334296875 0.02279296875 0.0262890625
3 0.7000830078125 0.33736328125 0.02376953125 0.044697265625
3 0.7064306640625 0.29384765625 0.02798828125 0.046953125
3 0.789853515625 0.394404296875 0.034130859375 0.064482421875
0 0.473388671875 0.749248046875 0.0250390625 0.035322265625