3 0.60595703125 0.58154296875 0.0517578125 0.1025390625
3 0.639609375 0.334296875 0.0416552734375 0.066455078125
3 0.7547705078125 0.254375 0.042080078125 0.047802734375
3 0.691015625 0.21365234375 0.038447265625 0.0533984375
3 0.376298828125 0.1747265625 0.0540478515625 0.041982421875
3 0.364716796875 0.26609375 0.01861328125 0.037763671875
3 0.431611328125 0.24251953125 0.0229443359375 0.038046875
0 0.2895263671875 0.274462890625 0.02669921875 0.032177734375
3 0.4590234375 0.50111328125 0.0308984375 0.047421875
3 0.4480029296875 0.646162109375 0.0445654296875 0.080830078125
3 0.3511181640625 0.6464453125 0.041630859375 0.075810546875
3 0.3811083984375 0.681181640625 0.01568359375 0.033115234375
3 0.3061279296875 0.712421875 0.0353466796875 0.046494140625
3 0.3116357421875 0.4853515625 0.0229345703125 0.041015625
3 0.2515087890625 0.418955078125 0.017626953125 0.03099609375
3 0.3001953125 0.365673828125 0.029072265625 0.052783203125
1 0.5683203125 0.394267578125 0.1477978515625 0.12947265625
3 0.553955078125 0.3196484375 0.0143017578125 0.02880859375
3 0.701689453125 0.515751953125 0.0341259765625 0.058291015625
3 0.630888671875 0.46345703125 0.02533203125 0.026796875
3 0.66513671875 0.4775390625 0.0190576171875 0.036552734375
3 0.8111279296875 0.35703125 0.0298095703125 0.041064453125