3 0.44970703125 0.71240234375 0.07958984375 0.1689453125
3 0.3550927734375 0.641845703125 0.040654296875 0.06939453125
3 0.27369140625 0.6139453125 0.03185546875 0.058251953125
3 0.25060546875 0.69080078125 0.031435546875 0.051806640625
3 0.2012890625 0.67978515625 0.023203125 0.033671875
3 0.2221435546875 0.73125 0.0303173828125 0.03337890625
3 0.2254931640625 0.46861328125 0.0180419921875 0.06333984375
3 0.417099609375 0.37501953125 0.029638671875 0.0742578125
3 0.4128466796875 0.21587890625 0.020009765625 0.048935546875
3 0.5088232421875 0.211826171875 0.0289453125 0.0548046875
3 0.5449560546875 0.3976171875 0.056572265625 0.062529296875
3 0.703291015625 0.580478515625 0.0306396484375 0.047109375
3 0.6698095703125 0.69400390625 0.03509765625 0.061005859375
3 0.77869140625 0.6107421875 0.0430615234375 0.0713671875
3 0.6159619140625 0.79861328125 0.04904296875 0.059287109375