3 0.727294921875 0.6572265625 0.1259765625 0.185546875
3 0.6101708984375 0.685361328125 0.022958984375 0.033671875
3 0.690244140625 0.400546875 0.0445556640625 0.05443359375
3 0.4128466796875 0.649375 0.0302099609375 0.034248046875
3 0.4144482421875 0.590380859375 0.0321484375 0.036220703125
3 0.329912109375 0.653701171875 0.02265625 0.034521484375
3 0.3345166015625 0.746455078125 0.032978515625 0.04982421875
3 0.4643212890625 0.77142578125 0.031455078125 0.0355859375
3 0.4244921875 0.29705078125 0.0260107421875 0.0550390625
3 0.382919921875 0.4814453125 0.02544921875 0.038779296875
3 0.2329541015625 0.5516015625 0.0212548828125 0.036796875
3 0.1850390625 0.65328125 0.0258544921875 0.0773046875
3 0.16173828125 0.51017578125 0.028359375 0.06833984375
3 0.15734375 0.580888671875 0.0285009765625 0.05853515625
3 0.258486328125 0.403896484375 0.0232080078125 0.039931640625
3 0.206103515625 0.4924609375 0.017763671875 0.030126953125
3 0.23267578125 0.486328125 0.0218115234375 0.04017578125
3 0.3444873046875 0.37892578125 0.0255859375 0.0430078125
3 0.3430224609375 0.32466796875 0.0159619140625 0.026572265625
3 0.3737158203125 0.329267578125 0.0315869140625 0.0419140625
3 0.4304248046875 0.40974609375 0.0490283203125 0.07953125
3 0.5307275390625 0.240146484375 0.0186279296875 0.030517578125
3 0.524306640625 0.208203125 0.018759765625 0.025224609375
3 0.521171875 0.42021484375 0.0173681640625 0.02513671875
3 0.5283544921875 0.38185546875 0.0205810546875 0.034912109375
3 0.4994091796875 0.590517578125 0.0129052734375 0.028134765625
3 0.5081982421875 0.538349609375 0.020439453125 0.02982421875
3 0.573203125 0.65705078125 0.0165380859375 0.031162109375
3 0.5284228515625 0.697353515625 0.0218359375 0.046494140625
3 0.2845751953125 0.3130859375 0.035205078125 0.05642578125
3 0.219912109375 0.37626953125 0.0487353515625 0.124189453125
3 0.1251904296875 0.558994140625 0.028916015625 0.0487890625
3 0.2186572265625 0.62943359375 0.037294921875 0.041787109375
3 0.26587890625 0.65439453125 0.022373046875 0.038701171875
3 0.290712890625 0.767646484375 0.0285107421875 0.06431640625
3 0.6438623046875 0.459677734375 0.023935546875 0.062216796875