3 0.5492138671875 0.223115234375 0.1744482421875 0.17056640625
3 0.734677734375 0.228427734375 0.0376171875 0.0573046875
3 0.686552734375 0.205419921875 0.0473779296875 0.047548828125
3 0.703779296875 0.33931640625 0.0394287109375 0.047490234375
3 0.667021484375 0.41671875 0.047373046875 0.071171875
3 0.7940380859375 0.337080078125 0.0713330078125 0.07650390625
3 0.901455078125 0.424814453125 0.0430712890625 0.048291015625
3 0.8203369140625 0.5347265625 0.0337158203125 0.0560546875
3 0.6955517578125 0.560107421875 0.0642578125 0.101240234375
3 0.734541015625 0.672666015625 0.0462646484375 0.061298828125
3 0.7690673828125 0.705029296875 0.0427783203125 0.047890625
3 0.6486767578125 0.729296875 0.0408154296875 0.05736328125
3 0.606962890625 0.801689453125 0.02658203125 0.05984375
3 0.362138671875 0.5444921875 0.027958984375 0.0365234375
3 0.3909423828125 0.42998046875 0.0275439453125 0.04466796875
3 0.496826171875 0.410029296875 0.0406640625 0.086796875
3 0.39833984375 0.256064453125 0.031171875 0.0578125
3 0.3248876953125 0.393154296875 0.03158203125 0.071455078125
3 0.3063330078125 0.2722265625 0.0279541015625 0.06119140625
3 0.2505322265625 0.356611328125 0.031298828125 0.0419140625
3 0.2181689453125 0.329697265625 0.0145556640625 0.03103515625
3 0.187060546875 0.58912109375 0.0181787109375 0.03650390625
3 0.5257763671875 0.753427734375 0.0382958984375 0.06935546875
3 0.500244140625 0.700009765625 0.0385693359375 0.051240234375
3 0.477646484375 0.76765625 0.0268505859375 0.040888671875
3 0.4427001953125 0.776015625 0.0328466796875 0.0687890625
3 0.5075 0.834189453125 0.03857421875 0.055087890625