0 0.340576171875 0.64404296875 0.0458984375 0.10546875
3 0.5047802734375 0.646025390625 0.0286669921875 0.0387109375
3 0.5038037109375 0.72650390625 0.0334130859375 0.051787109375
3 0.62998046875 0.688017578125 0.039140625 0.0417578125
3 0.686201171875 0.63919921875 0.0299365234375 0.038994140625
3 0.6687646484375 0.387431640625 0.0397021484375 0.05166015625
3 0.544326171875 0.504736328125 0.0430419921875 0.07140625
3 0.5023388671875 0.329267578125 0.029365234375 0.083203125
3 0.3644384765625 0.363583984375 0.0359130859375 0.068125
3 0.3727392578125 0.1805859375 0.02349609375 0.048115234375
3 0.332421875 0.181005859375 0.0287939453125 0.062900390625
3 0.2696484375 0.23875 0.076220703125 0.083525390625
3 0.146748046875 0.413916015625 0.146240234375 0.255283203125
3 0.198916015625 0.60474609375 0.0363134765625 0.045419921875
3 0.8462109375 0.523564453125 0.0419482421875 0.033740234375
3 0.7284716796875 0.760810546875 0.0542138671875 0.137138671875
3 0.778134765625 0.447412109375 0.03859375 0.054423828125
3 0.8453759765625 0.759140625 0.0324609375 0.05568359375
3 0.452255859375 0.6571875 0.0430322265625 0.061025390625
3 0.4524658203125 0.73529296875 0.03005859375 0.060986328125
3 0.4313330078125 0.176533203125 0.0625634765625 0.09861328125