3 0.56587890625 0.50138671875 0.02365234375 0.046865234375
3 0.4553955078125 0.59134765625 0.0288134765625 0.085595703125
3 0.47234375 0.516728515625 0.0307568359375 0.056337890625
3 0.455810546875 0.49525390625 0.0268603515625 0.030126953125
3 0.3758056640625 0.564853515625 0.0285205078125 0.049345703125
3 0.347626953125 0.551884765625 0.0179150390625 0.037353515625
3 0.3198681640625 0.537236328125 0.020419921875 0.03318359375
3 0.275576171875 0.6728125 0.0211181640625 0.047626953125
3 0.4024560546875 0.72859375 0.040517578125 0.04314453125
3 0.4180078125 0.59693359375 0.037744140625 0.040966796875
3 0.4905517578125 0.661787109375 0.0348046875 0.089755859375
3 0.4742236328125 0.728037109375 0.045830078125 0.062109375
3 0.6316552734375 0.727763671875 0.03021484375 0.0403515625
3 0.7387939453125 0.485771484375 0.0168310546875 0.044638671875
3 0.7559521484375 0.35005859375 0.0198974609375 0.041630859375
3 0.754072265625 0.302080078125 0.0239453125 0.026025390625
3 0.6947119140625 0.322998046875 0.0380322265625 0.039970703125
3 0.518876953125 0.290517578125 0.02115234375 0.024599609375
3 0.6134521484375 0.21015625 0.0261669921875 0.029140625
3 0.4212841796875 0.299150390625 0.0156884765625 0.03412109375
3 0.2948974609375 0.306396484375 0.0352099609375 0.04638671875
3 0.6444921875 0.51896484375 0.0212841796875 0.038486328125
3 0.5448876953125 0.69541015625 0.02294921875 0.040361328125