3 0.279052734375 0.6513671875 0.09619140625 0.154296875
3 0.460693359375 0.75048828125 0.0810546875 0.142578125
3 0.673017578125 0.404453125 0.01205078125 0.03546875
3 0.691923828125 0.40556640625 0.0157080078125 0.02654296875
3 0.75330078125 0.495390625 0.01013671875 0.0276171875
3 0.7383056640625 0.48451171875 0.01427734375 0.02259765625
3 0.6883642578125 0.517568359375 0.0092626953125 0.01896484375
3 0.742978515625 0.63166015625 0.019619140625 0.040673828125
3 0.73998046875 0.585498046875 0.0102734375 0.023671875
3 0.618544921875 0.709072265625 0.0330029296875 0.030869140625
3 0.406220703125 0.4814453125 0.0290771484375 0.06220703125
3 0.45951171875 0.597490234375 0.01736328125 0.019765625
3 0.36380859375 0.74115234375 0.0256103515625 0.03365234375
3 0.36185546875 0.683828125 0.0173583984375 0.0278125
3 0.3730859375 0.721904296875 0.0148681640625 0.023056640625
3 0.3844580078125 0.70056640625 0.011220703125 0.016650390625
3 0.4081005859375 0.7855078125 0.02072265625 0.027490234375
3 0.403291015625 0.72734375 0.0124951171875 0.02556640625
3 0.2586962890625 0.42998046875 0.0130224609375 0.033505859375
3 0.383828125 0.335546875 0.0110791015625 0.026015625
3 0.44890625 0.29705078125 0.0228125 0.03830078125
3 0.608779296875 0.430400390625 0.0188916015625 0.03712890625
3 0.6184716796875 0.480888671875 0.01177734375 0.03208984375