3 0.452880859375 0.64306640625 0.06298828125 0.123046875
3 0.3381396484375 0.297890625 0.02572265625 0.05671875
3 0.2909912109375 0.382275390625 0.0363232421875 0.07759765625
3 0.261064453125 0.3118359375 0.0278125 0.0511328125
3 0.5822705078125 0.341962890625 0.0452734375 0.089052734375
3 0.7025244140625 0.336806640625 0.0313330078125 0.059208984375
3 0.81384765625 0.3560546875 0.0285546875 0.036328125
3 0.86037109375 0.385478515625 0.0256298828125 0.06671875
3 0.759443359375 0.54783203125 0.031337890625 0.054375
3 0.8160107421875 0.571826171875 0.06189453125 0.046552734375
3 0.5636474609375 0.72552734375 0.03927734375 0.069365234375
3 0.45609375 0.511708984375 0.03396484375 0.0574609375
3 0.3880859375 0.37822265625 0.031865234375 0.08345703125
3 0.2373486328125 0.5548046875 0.0194384765625 0.05158203125
3 0.141513671875 0.586474609375 0.0409130859375 0.06189453125
3 0.139140625 0.296357421875 0.0261279296875 0.050859375
3 0.1760400390625 0.279482421875 0.02626953125 0.042216796875
3 0.065341796875 0.40166015625 0.02583984375 0.05220703125