3 0.7060546875 0.46044921875 0.095703125 0.1484375
2 0.333740234375 0.431640625 0.0517578125 0.10546875
2 0.2314453125 0.55615234375 0.064453125 0.0859375
3 0.28515625 0.49365234375 0.04736328125 0.078125
3 0.4037060546875 0.4729296875 0.02740234375 0.06361328125
3 0.4642529296875 0.534306640625 0.0190380859375 0.0301171875
3 0.4749267578125 0.487021484375 0.023642578125 0.037666015625
3 0.4853857421875 0.43806640625 0.025595703125 0.0441015625
3 0.4289599609375 0.52970703125 0.0288037109375 0.030390625
3 0.4784814453125 0.573505859375 0.0184814453125 0.027587890625
3 0.5253564453125 0.5418359375 0.03076171875 0.03736328125
3 0.623564453125 0.447275390625 0.0129150390625 0.02345703125
3 0.62998046875 0.476005859375 0.011240234375 0.019541015625
3 0.6230078125 0.540166015625 0.0140283203125 0.025087890625
3 0.5845068359375 0.6055859375 0.0184912109375 0.030361328125
3 0.5708349609375 0.49037109375 0.0179296875 0.028740234375
3 0.539931640625 0.45173828125 0.01416015625 0.04353515625
3 0.368203125 0.340849609375 0.020009765625 0.03103515625
3 0.48015625 0.3697265625 0.01513671875 0.024599609375
3 0.402802734375 0.6601171875 0.015546875 0.044013671875