2 0.6151953125 0.4320703125 0.0575537109375 0.065029296875
2 0.3105224609375 0.6398828125 0.082080078125 0.151416015625
3 0.3586474609375 0.56541015625 0.0154052734375 0.039306640625
2 0.290849609375 0.8192578125 0.07287109375 0.089404296875
3 0.320146484375 0.5464453125 0.0254443359375 0.034853515625
3 0.3352099609375 0.49720703125 0.0120556640625 0.02845703125
3 0.2901513671875 0.5061328125 0.0212548828125 0.04630859375
3 0.2259814453125 0.225361328125 0.02125 0.03443359375
3 0.5317724609375 0.137353515625 0.0290869140625 0.034189453125
3 0.2666455078125 0.196767578125 0.016650390625 0.024677734375
3 0.3506982421875 0.767099609375 0.0229345703125 0.0353125
3 0.233447265625 0.704619140625 0.0317138671875 0.048720703125
3 0.1687841796875 0.630966796875 0.0128759765625 0.0420703125
3 0.2123779296875 0.48451171875 0.0219482421875 0.02259765625