3 0.48046875 0.23779296875 0.11572265625 0.142578125
3 0.474609375 0.7744140625 0.04296875 0.1025390625
3 0.33033203125 0.492041015625 0.0357666015625 0.065556640625
3 0.34365234375 0.2612109375 0.0267041015625 0.031904296875
3 0.3914306640625 0.246845703125 0.0251708984375 0.038330078125
3 0.4486962890625 0.4333203125 0.023642578125 0.051357421875
3 0.52228515625 0.385625 0.0368994140625 0.0508203125
3 0.57564453125 0.4476953125 0.028671875 0.042705078125
3 0.646025390625 0.485771484375 0.021005859375 0.0334765625
3 0.62544921875 0.60697265625 0.0300732421875 0.03873046875
3 0.57208984375 0.663876953125 0.0237939453125 0.03201171875
3 0.65083984375 0.774072265625 0.0295166015625 0.054833984375
3 0.7386572265625 0.605302734375 0.0198974609375 0.035380859375
3 0.822216796875 0.5684765625 0.0285546875 0.03986328125
3 0.7000146484375 0.378505859375 0.0330078125 0.056123046875
3 0.18796875 0.29509765625 0.0177587890625 0.028818359375
3 0.1800146484375 0.349921875 0.0163671875 0.0262890625
3 0.438935546875 0.856220703125 0.0543310546875 0.06009765625
3 0.565810546875 0.84896484375 0.0391357421875 0.0567578125