3 0.54052734375 0.26220703125 0.0673828125 0.1328125
3 0.5972705078125 0.39064453125 0.0362109375 0.049697265625
3 0.44451171875 0.622451171875 0.043173828125 0.061318359375
3 0.3844580078125 0.516875 0.0335400390625 0.053828125
3 0.336884765625 0.63361328125 0.0254443359375 0.06130859375
3 0.302568359375 0.57908203125 0.0342626953125 0.04990234375
3 0.2626708984375 0.73138671875 0.02701171875 0.042021484375
3 0.2904296875 0.739755859375 0.026279296875 0.036435546875
3 0.371064453125 0.83794921875 0.051279296875 0.087724609375
3 0.4700390625 0.855107421875 0.0218359375 0.035556640625
3 0.4609033203125 0.776162109375 0.0244873046875 0.0394921875
3 0.508193359375 0.867666015625 0.0325732421875 0.03275390625
3 0.5264013671875 0.824287109375 0.028525390625 0.0325
3 0.144091796875 0.618134765625 0.025986328125 0.038720703125
3 0.180224609375 0.30109375 0.017900390625 0.043603515625
3 0.1251220703125 0.334150390625 0.0527685546875 0.084599609375
3 0.7616015625 0.349638671875 0.03576171875 0.062548828125