0 0.189208984375 0.4892578125 0.0556640625 0.0986328125
3 0.39994140625 0.388828125 0.044423828125 0.08234375
3 0.5939892578125 0.325791015625 0.016259765625 0.023232421875
3 0.5264013671875 0.345595703125 0.0216943359375 0.04609375
3 0.58625 0.68814453125 0.0331396484375 0.08388671875
3 0.6065478515625 0.783271484375 0.046953125 0.101142578125
3 0.5719482421875 0.791083984375 0.0289404296875 0.060966796875
3 0.6682080078125 0.596796875 0.01849609375 0.032314453125
3 0.4689990234375 0.830703125 0.0452685546875 0.037509765625
3 0.4759716796875 0.779228515625 0.0179248046875 0.02888671875
3 0.5861767578125 0.412822265625 0.031884765625 0.063359375
3 0.570693359375 0.485634765625 0.0355078125 0.07615234375
0 0.252275390625 0.302353515625 0.025859375 0.0433203125