3 0.426513671875 0.458984375 0.06494140625 0.1357421875
3 0.2710400390625 0.59693359375 0.0287890625 0.040966796875
3 0.2190087890625 0.349775390625 0.0352001953125 0.071201171875
3 0.1262353515625 0.460380859375 0.0449609375 0.088720703125
3 0.3124755859375 0.71060546875 0.0547412109375 0.070205078125
3 0.3737158203125 0.64421875 0.0243310546875 0.049033203125
3 0.7499560546875 0.378515625 0.07375 0.051650390625
3 0.5866650390625 0.488701171875 0.0239306640625 0.036552734375
3 0.612685546875 0.48158203125 0.0179345703125 0.030693359375
3 0.5404931640625 0.81787109375 0.0309033203125 0.0386328125
2 0.3405859375 0.573916015625 0.07748046875 0.113779296875