3 0.5107080078125 0.237216796875 0.029365234375 0.0553515625
3 0.471435546875 0.353125 0.0311767578125 0.055576171875
3 0.4812744140625 0.52119140625 0.035224609375 0.04294921875
3 0.392197265625 0.709912109375 0.0300537109375 0.0716015625
3 0.3435107421875 0.647001953125 0.0275390625 0.065771484375
3 0.3884326171875 0.63765625 0.026982421875 0.03984375
3 0.3654833984375 0.615341796875 0.02337890625 0.044306640625
3 0.2470458984375 0.643095703125 0.0321337890625 0.057958984375
3 0.225419921875 0.58619140625 0.0289697265625 0.04236328125
3 0.288408203125 0.4115625 0.0289306640625 0.063642578125
3 0.15001953125 0.389521484375 0.0266845703125 0.0586328125
3 0.47611328125 0.71060546875 0.037177734375 0.070205078125