3 0.570068359375 0.4912109375 0.0751953125 0.1416015625
3 0.2719482421875 0.559267578125 0.028369140625 0.082822265625
3 0.1965478515625 0.5271875 0.0494287109375 0.06888671875
3 0.24634765625 0.4398828125 0.0307373046875 0.04494140625
3 0.4235205078125 0.219365234375 0.033544921875 0.041962890625
3 0.7636962890625 0.52216796875 0.0465478515625 0.0476953125
3 0.7157080078125 0.52873046875 0.04654296875 0.070283203125
3 0.6947119140625 0.668896484375 0.0547705078125 0.073291015625
2 0.7396337890625 0.58521484375 0.04751953125 0.082255859375
3 0.3649267578125 0.647138671875 0.040234375 0.06548828125
2 0.2954541015625 0.40458984375 0.0374365234375 0.066435546875