3 0.486083984375 0.3154296875 0.0634765625 0.107421875
3 0.4310498046875 0.42119140625 0.0285205078125 0.06224609375
3 0.478759765625 0.428447265625 0.0290869140625 0.03880859375
3 0.5850634765625 0.59498046875 0.0229541015625 0.04263671875
3 0.6437255859375 0.544765625 0.0242138671875 0.053818359375
3 0.67294921875 0.634033203125 0.0313330078125 0.053779296875
3 0.741865234375 0.598046875 0.027431640625 0.032041015625
3 0.8208251953125 0.5516015625 0.020185546875 0.0423828125
3 0.75169921875 0.560107421875 0.0203173828125 0.034287109375
3 0.1472998046875 0.547138671875 0.0390185546875 0.044609375
3 0.3961767578125 0.36986328125 0.01779296875 0.033251953125
3 0.439560546875 0.560107421875 0.0180712890625 0.034287109375
3 0.596015625 0.753564453125 0.0303515625 0.0668359375
3 0.4985009765625 0.245869140625 0.02294921875 0.033583984375