3 0.47119140625 0.267578125 0.09716796875 0.1533203125
3 0.647216796875 0.4072265625 0.0634765625 0.134765625
3 0.3743408203125 0.43625 0.013310546875 0.032109375
3 0.4588134765625 0.441279296875 0.0159716796875 0.030986328125
3 0.429375 0.412265625 0.0162451171875 0.02876953125
3 0.4526025390625 0.368193359375 0.015830078125 0.02990234375
3 0.38529296875 0.385478515625 0.015126953125 0.04216796875
3 0.2764794921875 0.363720703125 0.0318603515625 0.04330078125
3 0.3062646484375 0.51994140625 0.0211181640625 0.043232421875
3 0.29517578125 0.7153515625 0.01333984375 0.025009765625
3 0.3087744140625 0.714375 0.010517578125 0.024736328125
3 0.323076171875 0.66318359375 0.016796875 0.031171875
3 0.3448388671875 0.603486328125 0.0234912109375 0.023388671875
3 0.2871533203125 0.6403125 0.0230712890625 0.030068359375
3 0.66123046875 0.61087890625 0.0268701171875 0.046533203125
3 0.72275390625 0.382978515625 0.01822265625 0.031572265625
3 0.7514892578125 0.391064453125 0.016552734375 0.031015625
3 0.7202392578125 0.292587890625 0.021396484375 0.05169921875
3 0.6431640625 0.264970703125 0.036494140625 0.046689453125
3 0.6760205078125 0.288544921875 0.0196142578125 0.035244140625
3 0.7707421875 0.606279296875 0.0338525390625 0.06244140625
3 0.8071533203125 0.593310546875 0.0196240234375 0.028134765625
3 0.657744140625 0.517705078125 0.0254736328125 0.03876953125
3 0.568251953125 0.59080078125 0.0117822265625 0.039853515625
3 0.5846435546875 0.555791015625 0.0210009765625 0.03400390625
3 0.5409765625 0.6205078125 0.0172265625 0.029521484375
3 0.443603515625 0.721064453125 0.023369140625 0.04927734375
3 0.46892578125 0.673359375 0.0328515625 0.073291015625
3 0.392060546875 0.699033203125 0.053212890625 0.044267578125
3 0.401962890625 0.748408203125 0.035078125 0.04814453125
3 0.326630859375 0.74408203125 0.0138671875 0.025556640625
3 0.3472119140625 0.759287109375 0.0204248046875 0.02416015625