3 0.545654296875 0.69140625 0.09619140625 0.16015625
3 0.7192626953125 0.3352734375 0.0447265625 0.05111328125
3 0.660322265625 0.32982421875 0.0508349609375 0.08431640625
3 0.7348876953125 0.636962890625 0.03580078125 0.056845703125
3 0.3733056640625 0.763466796875 0.0413720703125 0.064892578125
3 0.4525341796875 0.6259375 0.030068359375 0.065498046875
3 0.398544921875 0.509619140625 0.0304736328125 0.072802734375
3 0.3431640625 0.577548828125 0.012216796875 0.0351171875
3 0.384248046875 0.56736328125 0.0316064453125 0.037626953125
3 0.2933642578125 0.624404296875 0.03548828125 0.0596484375
3 0.2787841796875 0.695263671875 0.0271533203125 0.067421875
3 0.2109130859375 0.611435546875 0.04580078125 0.05880859375
3 0.3741357421875 0.277109375 0.031865234375 0.040263671875
3 0.316796875 0.478095703125 0.0209814453125 0.0309765625
3 0.538955078125 0.3946875 0.0412255859375 0.055
3 0.5460693359375 0.305693359375 0.0516845703125 0.1102734375
3 0.6945703125 0.557041015625 0.0336767578125 0.04935546875
3 0.611708984375 0.766953125 0.0550439453125 0.1003125
2 0.5947607421875 0.316298828125 0.045693359375 0.075673828125
2 0.32447265625 0.70376953125 0.0698046875 0.1151171875