3 0.6928271484375 0.547978515625 0.03203125 0.051865234375
3 0.7593701171875 0.41658203125 0.031298828125 0.0513671875
3 0.6355615234375 0.390087890625 0.0279833984375 0.048583984375
3 0.5169140625 0.3924609375 0.020576171875 0.04830078125
3 0.5468408203125 0.392041015625 0.0156982421875 0.035751953125
3 0.5157275390625 0.342939453125 0.0193212890625 0.026845703125
3 0.5479541015625 0.3313671875 0.025595703125 0.045546875
3 0.5764111328125 0.282548828125 0.0346728515625 0.0427734375
3 0.474853515625 0.254091796875 0.0257373046875 0.043896484375
3 0.422890625 0.264833984375 0.0166650390625 0.038037109375
3 0.4023828125 0.334716796875 0.010244140625 0.018759765625
3 0.28736328125 0.32048828125 0.0268359375 0.031591796875
3 0.1774365234375 0.4873046875 0.0234814453125 0.02818359375
3 0.4417919921875 0.755380859375 0.0336962890625 0.045361328125