3 0.469970703125 0.6728515625 0.07763671875 0.158203125
3 0.689619140625 0.6711328125 0.0401220703125 0.079990234375
3 0.7484228515625 0.34140625 0.028271484375 0.0321484375
3 0.6054296875 0.406123046875 0.026865234375 0.0611328125
3 0.521376953125 0.34126953125 0.0295068359375 0.048046875
3 0.472412109375 0.3878515625 0.026435546875 0.04412109375
3 0.398056640625 0.389248046875 0.0216845703125 0.041337890625
3 0.3828515625 0.333740234375 0.0158251953125 0.04302734375
3 0.4834326171875 0.206396484375 0.029501953125 0.029970703125
3 0.5827587890625 0.26232421875 0.0317431640625 0.03859375
3 0.636259765625 0.256884765625 0.023798828125 0.04724609375
2 0.687109375 0.300400390625 0.0363232421875 0.0628515625
2 0.08396484375 0.494267578125 0.049697265625 0.07671875
3 0.7847607421875 0.602919921875 0.0685888671875 0.100380859375
3 0.750791015625 0.4271875 0.034130859375 0.07255859375