3 0.8091748046875 0.524814453125 0.0504541015625 0.0892578125
3 0.6687646484375 0.533046875 0.0272607421875 0.052705078125
3 0.6917138671875 0.494697265625 0.0342626953125 0.062490234375
3 0.6163134765625 0.474326171875 0.0218408203125 0.04966796875
3 0.564765625 0.565693359375 0.0258837890625 0.045439453125
3 0.6207080078125 0.687451171875 0.0283984375 0.051806640625
3 0.703359375 0.71326171875 0.0486328125 0.04482421875
3 0.6511181640625 0.754267578125 0.0401220703125 0.043125
3 0.352021484375 0.727763671875 0.01458984375 0.029189453125
3 0.3880810546875 0.730830078125 0.023935546875 0.02974609375
3 0.402451171875 0.69373046875 0.0219775390625 0.039248046875
3 0.3286572265625 0.696943359375 0.0166845703125 0.0261328125
3 0.335908203125 0.614365234375 0.0200341796875 0.039560546875
3 0.602919921875 0.34642578125 0.0263037109375 0.064501953125
3 0.5744580078125 0.3284375 0.0172216796875 0.042470703125
3 0.5778076171875 0.245732421875 0.0283837890625 0.02939453125
3 0.5347705078125 0.29384765625 0.0229443359375 0.03580078125
3 0.741865234375 0.377109375 0.0339501953125 0.058916015625
3 0.6589306640625 0.32830078125 0.0313037109375 0.033828125
3 0.6522998046875 0.28505859375 0.0333984375 0.0310546875
3 0.6756005859375 0.370283203125 0.0269775390625 0.02572265625
3 0.42107421875 0.367626953125 0.0159814453125 0.039951171875
3 0.4506494140625 0.339033203125 0.0230859375 0.032431640625
3 0.4129150390625 0.469169921875 0.0156884765625 0.0309765625
3 0.342744140625 0.42021484375 0.01373046875 0.019560546875
3 0.342119140625 0.239306640625 0.0861279296875 0.084638671875
3 0.2748046875 0.329130859375 0.1054150390625 0.052236328125
3 0.34755859375 0.30890625 0.02240234375 0.036904296875
3 0.200380859375 0.416025390625 0.0180419921875 0.050244140625
3 0.185107421875 0.474609375 0.0459912109375 0.044638671875
3 0.1623681640625 0.5237109375 0.021162109375 0.026767578125
3 0.1846875 0.533056640625 0.01455078125 0.030390625