3 0.513427734375 0.248046875 0.06689453125 0.109375
3 0.6002685546875 0.262734375 0.03814453125 0.075703125
3 0.373017578125 0.218251953125 0.0261669921875 0.03080078125
3 0.44046875 0.22103515625 0.0073291015625 0.022998046875
3 0.4510009765625 0.268603515625 0.013046875 0.026044921875
3 0.4643212890625 0.218671875 0.0176513671875 0.021044921875
3 0.4544189453125 0.453828125 0.01291015625 0.028193359375
3 0.4808544921875 0.484794921875 0.0276904296875 0.0510546875
3 0.5045703125 0.551044921875 0.0197412109375 0.041259765625
3 0.580947265625 0.56806640625 0.0265673828125 0.029541015625
3 0.64267578125 0.679501953125 0.0221240234375 0.038701171875
3 0.5967822265625 0.68591796875 0.0151416015625 0.03255859375
3 0.464462890625 0.856923828125 0.0283837890625 0.03638671875
3 0.4401904296875 0.83599609375 0.015546875 0.0246875
3 0.4338427734375 0.659423828125 0.0240576171875 0.043173828125
3 0.33388671875 0.64240234375 0.0328369140625 0.048193359375
3 0.31826171875 0.78466796875 0.019443359375 0.031396484375
3 0.353349609375 0.75078125 0.0092626953125 0.027783203125
3 0.40873046875 0.76947265625 0.0162451171875 0.021640625
3 0.3132421875 0.484658203125 0.018330078125 0.03125
3 0.2462109375 0.44294921875 0.022646484375 0.023173828125
3 0.0703662109375 0.511015625 0.020263671875 0.04099609375
3 0.142001953125 0.434580078125 0.0218017578125 0.05107421875
0 0.10544921875 0.4853515625 0.05576171875 0.05216796875