3 0.6027783203125 0.336806640625 0.029375 0.048046875
3 0.6868994140625 0.34140625 0.0313330078125 0.054462890625
3 0.6369580078125 0.257158203125 0.0251904296875 0.0422265625
3 0.744931640625 0.5158984375 0.0324560546875 0.049091796875
3 0.6977099609375 0.627197265625 0.041796875 0.065224609375
3 0.4999658203125 0.681171875 0.039130859375 0.075517578125
3 0.2842919921875 0.515615234375 0.02181640625 0.04294921875
3 0.4377490234375 0.421748046875 0.0274072265625 0.058896484375
3 0.506591796875 0.447275390625 0.0389892578125 0.05693359375
3 0.642119140625 0.53291015625 0.0511376953125 0.0596875
3 0.6028466796875 0.509619140625 0.0341015625 0.03263671875