3 0.660400390625 0.6357421875 0.06787109375 0.0986328125
3 0.7882470703125 0.53765625 0.025341796875 0.04796875
3 0.63876953125 0.311279296875 0.013193359375 0.0276953125
3 0.5293994140625 0.252138671875 0.0310400390625 0.043349609375
3 0.4915234375 0.349638671875 0.0300634765625 0.040234375
3 0.4457666015625 0.373076171875 0.0211279296875 0.024599609375
3 0.4642529296875 0.4516015625 0.024619140625 0.034892578125
3 0.564833984375 0.547138671875 0.0159765625 0.022294921875
3 0.602568359375 0.56513671875 0.020029296875 0.0331640625
3 0.3502099609375 0.508779296875 0.0197265625 0.032080078125
3 0.353486328125 0.366796875 0.0173583984375 0.0326953125
3 0.293291015625 0.363720703125 0.016376953125 0.04330078125
3 0.25025390625 0.559130859375 0.0229296875 0.040703125
3 0.1817578125 0.63166015625 0.023203125 0.040673828125