3 0.68896484375 0.3310546875 0.1259765625 0.193359375
3 0.717041015625 0.669921875 0.13671875 0.18359375
3 0.8428662109375 0.4430859375 0.048642578125 0.08984375
3 0.46794921875 0.574189453125 0.059501953125 0.104296875
3 0.5483740234375 0.4638671875 0.0410888671875 0.117451171875
3 0.4778515625 0.41560546875 0.026298828125 0.07787109375
3 0.5366552734375 0.788857421875 0.02810546875 0.05650390625
3 0.8807373046875 0.58046875 0.024033203125 0.051572265625
3 0.81091796875 0.65439453125 0.026044921875 0.0666015625
3 0.38333984375 0.262744140625 0.0479296875 0.0422265625
3 0.543486328125 0.320888671875 0.1784912109375 0.178056640625
3 0.151767578125 0.442666015625 0.0413330078125 0.061669921875
3 0.1158447265625 0.46693359375 0.024931640625 0.059990234375
3 0.1438134765625 0.511572265625 0.0321240234375 0.04880859375
3 0.2050537109375 0.598603515625 0.0352001953125 0.05546875
3 0.4221875 0.787314453125 0.1242333984375 0.11759765625
3 0.35013671875 0.75482421875 0.0261669921875 0.044248046875