3 0.352294921875 0.52734375 0.08154296875 0.185546875
3 0.459228515625 0.368193359375 0.0156884765625 0.023203125
3 0.485947265625 0.392734375 0.0189013671875 0.023203125
3 0.5725048828125 0.392734375 0.03005859375 0.045517578125
3 0.5547216796875 0.278779296875 0.0098291015625 0.032451171875
3 0.7153564453125 0.577958984375 0.024638671875 0.047666015625
3 0.4609033203125 0.72107421875 0.0145751953125 0.026962890625
3 0.5034521484375 0.717724609375 0.0159716796875 0.03142578125
3 0.5162890625 0.659140625 0.0237890625 0.02587890625
3 0.5542333984375 0.74380859375 0.0260205078125 0.019423828125
3 0.579482421875 0.668349609375 0.02853515625 0.038701171875
3 0.636259765625 0.649375 0.029375 0.034248046875
3 0.2270263671875 0.429560546875 0.017763671875 0.0298828125
3 0.268740234375 0.402783203125 0.0208349609375 0.032119140625
3 0.23560546875 0.36080078125 0.021533203125 0.029072265625
3 0.2857568359375 0.506416015625 0.0202783203125 0.030126953125
3 0.488037109375 0.87798828125 0.0175048828125 0.025498046875
3 0.6462353515625 0.8661328125 0.024775390625 0.026904296875
3 0.735166015625 0.74798828125 0.02408203125 0.044521484375
3 0.8506787109375 0.665419921875 0.02744140625 0.046796875
3 0.844541015625 0.593447265625 0.0676171875 0.03677734375
3 0.6765087890625 0.506552734375 0.022822265625 0.0276171875
3 0.603408203125 0.5191015625 0.0183544921875 0.024814453125
3 0.636259765625 0.5288671875 0.0182177734375 0.027607421875
3 0.5586962890625 0.502783203125 0.01638671875 0.02845703125
3 0.6762255859375 0.435 0.021259765625 0.0323828125
3 0.6457470703125 0.364423828125 0.023076171875 0.041904296875
3 0.6981298828125 0.40333984375 0.0287890625 0.0332421875