2 0.60595703125 0.31591796875 0.064453125 0.126953125
2 0.565673828125 0.4208984375 0.0634765625 0.109375
3 0.63720703125 0.58447265625 0.04541015625 0.1044921875
3 0.7466064453125 0.52384765625 0.0346875 0.062197265625
3 0.8019921875 0.586884765625 0.043896484375 0.0766796875
3 0.7192626953125 0.69498046875 0.04361328125 0.07244140625
3 0.470947265625 0.578935546875 0.0502880859375 0.085888671875
3 0.4343994140625 0.24892578125 0.0285205078125 0.07876953125
3 0.38529296875 0.24767578125 0.0207080078125 0.045576171875
3 0.643095703125 0.2377734375 0.035234375 0.045302734375
2 0.752119140625 0.326904296875 0.0334326171875 0.058935546875