3 0.4876220703125 0.8407421875 0.0378759765625 0.037509765625
3 0.4882470703125 0.794716796875 0.023369140625 0.02916015625
3 0.5052685546875 0.75873046875 0.01513671875 0.029736328125
3 0.46341796875 0.753564453125 0.0262939453125 0.0668359375
3 0.42533203125 0.7036328125 0.0175146484375 0.028369140625
3 0.46244140625 0.69177734375 0.0198779296875 0.029765625
3 0.4060791015625 0.6393359375 0.0180712890625 0.036484375
3 0.409287109375 0.59373046875 0.022939453125 0.0317578125
3 0.477646484375 0.558994140625 0.031318359375 0.043212890625
3 0.4872021484375 0.490927734375 0.0191796875 0.029853515625
3 0.5146142578125 0.440859375 0.021552734375 0.038525390625
3 0.28150390625 0.53947265625 0.018466796875 0.03541015625
3 0.1371875 0.508359375 0.0300341796875 0.061923828125
3 0.1700390625 0.451875 0.013154296875 0.029873046875
3 0.211474609375 0.6217578125 0.033525390625 0.0381640625
3 0.3734375 0.286171875 0.024892578125 0.044443359375
3 0.7773681640625 0.3709765625 0.0477587890625 0.068955078125
3 0.593154296875 0.2605078125 0.03228515625 0.060078125
3 0.4754833984375 0.25828125 0.0370361328125 0.03330078125
3 0.404755859375 0.230947265625 0.0183349609375 0.023271484375
3 0.4359326171875 0.22662109375 0.0170849609375 0.02298828125
3 0.5305859375 0.638076171875 0.01890625 0.0367578125
3 0.472412109375 0.459404296875 0.0208544921875 0.039345703125
3 0.1551123046875 0.43513671875 0.0178955078125 0.029873046875
3 0.315400390625 0.349775390625 0.0181884765625 0.037724609375
3 0.26943359375 0.349775390625 0.02798828125 0.037724609375
3 0.2254248046875 0.36205078125 0.0446875 0.05111328125