3 0.4560546875 0.365234375 0.0380859375 0.0634765625
2 0.5910595703125 0.570146484375 0.03048828125 0.06552734375
2 0.5605078125 0.63236328125 0.050703125 0.0504296875
2 0.6115673828125 0.6158984375 0.0257470703125 0.045419921875
2 0.7113818359375 0.688427734375 0.053515625 0.09001953125
2 0.4490478515625 0.68171875 0.113623046875 0.221689453125
3 0.140048828125 0.4912109375 0.0312890625 0.035986328125
3 0.4191259765625 0.434853515625 0.0269873046875 0.057216796875
3 0.3972216796875 0.3157421875 0.0222412109375 0.05001953125
3 0.188037109375 0.553828125 0.0190185546875 0.06916015625
3 0.3789453125 0.524677734375 0.04595703125 0.04712890625
3 0.4314697265625 0.53556640625 0.0260107421875 0.040986328125
3 0.8028955078125 0.484091796875 0.021162109375 0.03013671875
3 0.2612060546875 0.65537109375 0.0247412109375 0.03787109375