3 0.789306640625 0.50048828125 0.04541015625 0.080078125
3 0.13134765625 0.54296875 0.04150390625 0.12890625
3 0.653974609375 0.503896484375 0.019052734375 0.041845703125
3 0.4906884765625 0.697919921875 0.0116455078125 0.03087890625
3 0.50896484375 0.66220703125 0.0202978515625 0.037587890625
3 0.4715771484375 0.725810546875 0.0169482421875 0.042021484375
3 0.4863623046875 0.76876953125 0.0152734375 0.0275
3 0.604033203125 0.626220703125 0.0129150390625 0.027001953125
3 0.6403759765625 0.697216796875 0.0197509765625 0.032275390625
3 0.4809912109375 0.434443359375 0.0145751953125 0.03126953125
3 0.510498046875 0.511015625 0.02001953125 0.025380859375
3 0.55646484375 0.3375 0.0237890625 0.04666015625
3 0.262880859375 0.486748046875 0.0158154296875 0.027060546875
3 0.4447216796875 0.50501953125 0.0190380859375 0.03291015625
3 0.1946630859375 0.4762890625 0.01552734375 0.0368359375
3 0.5054736328125 0.37279296875 0.0189013671875 0.036318359375
3 0.7414453125 0.363720703125 0.025478515625 0.054453125