3 0.44974609375 0.22814453125 0.1150146484375 0.09580078125
3 0.2722998046875 0.28462890625 0.1071875 0.105537109375
3 0.18419921875 0.367490234375 0.0225048828125 0.064775390625
3 0.1213525390625 0.464150390625 0.024033203125 0.0544140625
3 0.6844580078125 0.2695703125 0.0795703125 0.086572265625
3 0.7631396484375 0.56150390625 0.03650390625 0.04265625
3 0.8540234375 0.646591796875 0.0263232421875 0.03982421875
3 0.89810546875 0.475302734375 0.03302734375 0.06556640625
3 0.83400390625 0.369443359375 0.0242333984375 0.092109375
3 0.80115234375 0.592470703125 0.023251953125 0.032041015625
3 0.81482421875 0.626923828125 0.018232421875 0.02560546875
3 0.79466796875 0.6906640625 0.012509765625 0.0275390625
3 0.45951171875 0.38771484375 0.028525390625 0.046630859375
3 0.427421875 0.334716796875 0.013330078125 0.029921875