3 0.7996875 0.6126953125 0.035947265625 0.05853515625
3 0.829541015625 0.485771484375 0.02646484375 0.0334765625
3 0.565810546875 0.272509765625 0.0166650390625 0.03384765625
3 0.5827587890625 0.215458984375 0.0228173828125 0.040849609375
3 0.461181640625 0.28337890625 0.0497265625 0.08126953125
3 0.266435546875 0.6080859375 0.0407861328125 0.07443359375
3 0.2148193359375 0.531103515625 0.0268310546875 0.04322265625
3 0.1613232421875 0.51994140625 0.02919921875 0.0320703125
3 0.490830078125 0.401806640625 0.0230859375 0.03853515625
3 0.4378173828125 0.39064453125 0.0230810546875 0.049697265625
3 0.4086572265625 0.32578125 0.032998046875 0.045546875