3 0.38134765625 0.63134765625 0.0576171875 0.1689453125
3 0.581787109375 0.400390625 0.0732421875 0.1298828125
3 0.745361328125 0.5751953125 0.06201171875 0.10546875
3 0.695068359375 0.7421875 0.09765625 0.1689453125
3 0.63974609375 0.44126953125 0.030771484375 0.053310546875
3 0.32447265625 0.3670703125 0.025166015625 0.049990234375
3 0.3165869140625 0.441416015625 0.02279296875 0.039638671875
3 0.23609375 0.393017578125 0.0247412109375 0.0293359375
3 0.234560546875 0.285341796875 0.021669921875 0.039423828125
3 0.1858056640625 0.355771484375 0.034638671875 0.07482421875
3 0.14646484375 0.5288671875 0.0407763671875 0.06107421875
3 0.3224462890625 0.760126953125 0.0278173828125 0.026943359375
3 0.2480224609375 0.68955078125 0.0385498046875 0.03646484375
3 0.5792041015625 0.670576171875 0.0346728515625 0.0431640625
3 0.4966162109375 0.75021484375 0.0212744140625 0.048984375
3 0.506103515625 0.692900390625 0.0257373046875 0.02306640625
3 0.602919921875 0.76291015625 0.0263037109375 0.043681640625
3 0.746328125 0.31671875 0.0129248046875 0.030205078125
3 0.6890625 0.293427734375 0.014453125 0.025478515625
3 0.71640625 0.289248046875 0.0155712890625 0.022685546875
3 0.6461669921875 0.322998046875 0.017939453125 0.02880859375
3 0.62021484375 0.302216796875 0.019609375 0.034677734375
3 0.5052685546875 0.3128125 0.0207177734375 0.0335546875
3 0.06869140625 0.47083984375 0.0347705078125 0.058876953125