1 0.5390625 0.3798828125 0.091796875 0.158203125
1 0.299560546875 0.4404296875 0.13330078125 0.14453125
3 0.8614892578125 0.48255859375 0.0334423828125 0.080068359375
3 0.70921875 0.47599609375 0.0302197265625 0.082021484375
3 0.6718310546875 0.461923828125 0.0235205078125 0.052177734375
3 0.6369580078125 0.547841796875 0.0251904296875 0.032060546875
3 0.7083154296875 0.55439453125 0.026171875 0.036796875
3 0.745771484375 0.69861328125 0.0252001953125 0.04064453125
1 0.6286572265625 0.718134765625 0.08224609375 0.1131640625
3 0.62412109375 0.649658203125 0.0296533203125 0.07609375
3 0.5880615234375 0.676708984375 0.037880859375 0.100068359375
3 0.5900830078125 0.541005859375 0.024072265625 0.03234375
3 0.5596728515625 0.564013671875 0.022392578125 0.051025390625
3 0.53546875 0.629287109375 0.017509765625 0.038720703125
3 0.4991259765625 0.62859375 0.028388671875 0.062431640625
3 0.41849609375 0.64421875 0.0223828125 0.046806640625
3 0.4452783203125 0.59400390625 0.017919921875 0.037900390625
3 0.410126953125 0.532216796875 0.01779296875 0.034296875
3 0.6849462890625 0.774765625 0.029658203125 0.04228515625
3 0.11619140625 0.49232421875 0.0371435546875 0.07169921875
3 0.16990234375 0.562060546875 0.0329638671875 0.04376953125
3 0.192568359375 0.458291015625 0.0225048828125 0.037119140625
3 0.208544921875 0.496650390625 0.019853515625 0.03849609375
3 0.3581591796875 0.396923828125 0.028935546875 0.041611328125
3 0.5130810546875 0.7114453125 0.027412109375 0.043984375
3 0.5443994140625 0.722607421875 0.0219775390625 0.032822265625
3 0.5225634765625 0.78830078125 0.0218359375 0.03306640625
3 0.56330078125 0.752314453125 0.0218359375 0.033642578125
3 0.5812939453125 0.24447265625 0.0113623046875 0.036376953125
3 0.5988720703125 0.224248046875 0.0204443359375 0.043359375
3 0.78734375 0.471962890625 0.014599609375 0.025400390625
3 0.882763671875 0.588984375 0.019072265625 0.039013671875
1 0.4480712890625 0.312255859375 0.073720703125 0.072607421875
2 0.460625 0.42830078125 0.037451171875 0.085947265625