3 0.5150341796875 0.5814453125 0.03466796875 0.074169921875
3 0.55046875 0.285751953125 0.0586669921875 0.096611328125
3 0.6820166015625 0.65341796875 0.0369140625 0.075810546875
3 0.390595703125 0.70390625 0.0310302734375 0.07076171875
3 0.3533447265625 0.613388671875 0.0367724609375 0.059921875
3 0.39408203125 0.598330078125 0.01568359375 0.0298046875
3 0.3751123046875 0.3494921875 0.0257275390625 0.04552734375
3 0.3995947265625 0.206103515625 0.0367529296875 0.071259765625
3 0.6922705078125 0.30779296875 0.104296875 0.062001953125
3 0.629560546875 0.247392578125 0.0646484375 0.064541015625
2 0.2812255859375 0.3416796875 0.048876953125 0.085703125
3 0.348115234375 0.718837890625 0.0416552734375 0.047607421875