3 0.7641845703125 0.61240234375 0.07765625 0.1305078125
3 0.7020361328125 0.67837890625 0.0582568359375 0.072177734375
3 0.6995263671875 0.761650390625 0.074443359375 0.066279296875
3 0.627958984375 0.749931640625 0.064111328125 0.12095703125
3 0.5984521484375 0.616455078125 0.1098486328125 0.113486328125
3 0.6757373046875 0.41240234375 0.025751953125 0.04857421875
3 0.60005859375 0.24572265625 0.0194677734375 0.058408203125
3 0.5702734375 0.46484375 0.0190478515625 0.030703125
3 0.5723681640625 0.8133984375 0.0288134765625 0.072119140625
3 0.5072216796875 0.806435546875 0.0168115234375 0.0302734375
3 0.449326171875 0.7835546875 0.023779296875 0.040322265625
3 0.2586962890625 0.729580078125 0.035341796875 0.041181640625
3 0.2745263671875 0.30681640625 0.030185546875 0.04109375
3 0.12498046875 0.5249609375 0.0391015625 0.053271484375