3 0.809453125 0.416728515625 0.027578125 0.0376953125
3 0.56818359375 0.73529296875 0.0204443359375 0.02751953125
3 0.396103515625 0.740322265625 0.020009765625 0.03755859375
3 0.2878515625 0.7146484375 0.046787109375 0.064345703125
3 0.2347705078125 0.428447265625 0.023203125 0.03880859375
2 0.7578369140625 0.53375 0.0192041015625 0.028994140625
2 0.7014794921875 0.525517578125 0.0203125 0.04322265625
2 0.6213330078125 0.52998046875 0.022958984375 0.029833984375
2 0.654814453125 0.50431640625 0.0173828125 0.04546875
2 0.6246826171875 0.46666015625 0.0218408203125 0.031533203125
2 0.5518603515625 0.516591796875 0.0112353515625 0.025380859375
2 0.5153125 0.526357421875 0.034111328125 0.0281640625
2 0.47966796875 0.53806640625 0.027548828125 0.062744140625
2 0.421005859375 0.485068359375 0.0441455078125 0.034873046875