3 0.6623486328125 0.476142578125 0.014423828125 0.02818359375
3 0.674345703125 0.460107421875 0.0173828125 0.037958984375
3 0.7298681640625 0.607255859375 0.0145947265625 0.04263671875
3 0.62607421875 0.655791015625 0.0134716796875 0.030341796875
3 0.6628369140625 0.6158984375 0.0166845703125 0.0342578125
3 0.6003369140625 0.58130859375 0.0145703125 0.032041015625
3 0.4790380859375 0.453544921875 0.0173681640625 0.044375
3 0.4578369140625 0.53166015625 0.0151318359375 0.03318359375
3 0.4078955078125 0.461357421875 0.0145703125 0.03767578125
3 0.3972900390625 0.22466796875 0.0134521484375 0.02466796875
3 0.423447265625 0.213642578125 0.015546875 0.0333203125
3 0.42044921875 0.837255859375 0.0161181640625 0.02216796875
3 0.4573486328125 0.84478515625 0.0103955078125 0.020498046875
3 0.2920361328125 0.780771484375 0.01609375 0.02359375
3 0.2361669921875 0.7224609375 0.014833984375 0.03533203125
2 0.4857373046875 0.823310546875 0.043037109375 0.050068359375