3 0.641005859375 0.363857421875 0.0533740234375 0.085419921875
3 0.5150341796875 0.327734375 0.0179296875 0.0438671875
3 0.4833642578125 0.265390625 0.01708984375 0.039150390625
3 0.455810546875 0.232060546875 0.017783203125 0.025498046875
3 0.266298828125 0.444765625 0.021533203125 0.046328125
3 0.1800830078125 0.667783203125 0.0265478515625 0.071064453125
3 0.3615087890625 0.671279296875 0.02240234375 0.041767578125
3 0.3825732421875 0.627197265625 0.0275439453125 0.0540625
3 0.5685986328125 0.607529296875 0.0613037109375 0.0733203125
3 0.622587890625 0.755517578125 0.028818359375 0.076328125
3 0.6843896484375 0.696796875 0.04193359375 0.062119140625
3 0.8589794921875 0.6750390625 0.0429248046875 0.063251953125
3 0.9198681640625 0.59400390625 0.028564453125 0.06021484375
3 0.7989892578125 0.4411328125 0.0233935546875 0.0558203125
3 0.8448193359375 0.400830078125 0.0224169921875 0.033798828125
3 0.841884765625 0.360654296875 0.0303125 0.042744140625
3 0.7890185546875 0.330810546875 0.022412109375 0.044423828125
3 0.49431640625 0.76375 0.0133203125 0.039775390625
3 0.44109375 0.771142578125 0.020712890625 0.029453125
3 0.419052734375 0.754267578125 0.0189111328125 0.03197265625
3 0.549072265625 0.43625 0.0279736328125 0.054423828125
3 0.5685302734375 0.36525390625 0.021142578125 0.049150390625
3 0.5713232421875 0.4970703125 0.0155615234375 0.030966796875
3 0.414658203125 0.45689453125 0.024755859375 0.039912109375
3 0.6951318359375 0.49609375 0.0232421875 0.0373828125