3 0.692412109375 0.25939453125 0.0244970703125 0.03552734375
3 0.611357421875 0.2384765625 0.0398388671875 0.063984375
3 0.611708984375 0.351591796875 0.0226806640625 0.038564453125
3 0.799619140625 0.642119140625 0.029111328125 0.064375
3 0.6085009765625 0.81353515625 0.0542041015625 0.08076171875
3 0.4837109375 0.648681640625 0.0367578125 0.060185546875
3 0.1412353515625 0.653974609375 0.042587890625 0.07859375
3 0.1496728515625 0.47083984375 0.025986328125 0.056640625
3 0.1740185546875 0.37599609375 0.0289208984375 0.067841796875
2 0.31177734375 0.71744140625 0.0533447265625 0.081083984375
3 0.587783203125 0.170546875 0.0285205078125 0.04365234375