3 0.4833984375 0.2734375 0.14501953125 0.17578125
2 0.648671875 0.322421875 0.13216796875 0.20623046875
3 0.7563720703125 0.60208984375 0.0374755859375 0.070810546875
3 0.6654150390625 0.669736328125 0.0352392578125 0.058232421875
3 0.6153369140625 0.4814453125 0.04890625 0.0666796875
3 0.3864794921875 0.3296875 0.0197314453125 0.053349609375
3 0.324189453125 0.350751953125 0.0313037109375 0.042470703125
3 0.1858740234375 0.542958984375 0.02919921875 0.03958984375
3 0.1808544921875 0.5 0.0280810546875 0.0496484375
3 0.2342822265625 0.492607421875 0.02892578125 0.0354296875
3 0.274599609375 0.288681640625 0.014697265625 0.032724609375
3 0.30103515625 0.259814453125 0.01724609375 0.027998046875
3 0.3189599609375 0.242099609375 0.0152587890625 0.034423828125
3 0.389755859375 0.2741796875 0.022939453125 0.037197265625