3 0.484130859375 0.396484375 0.05517578125 0.0830078125
3 0.380126953125 0.61376953125 0.0634765625 0.078125
3 0.39896484375 0.4223046875 0.0301953125 0.0376953125
3 0.2349072265625 0.416171875 0.02013671875 0.03658203125
3 0.2642041015625 0.37083984375 0.0229296875 0.037998046875
3 0.243974609375 0.707958984375 0.033154296875 0.053193359375
3 0.5176806640625 0.7933203125 0.025458984375 0.054267578125
3 0.4667626953125 0.80935546875 0.019462890625 0.044501953125
3 0.4869921875 0.787744140625 0.02099609375 0.031953125
3 0.3836865234375 0.802109375 0.041650390625 0.04115234375
3 0.438583984375 0.79248046875 0.0356494140625 0.035859375
3 0.126376953125 0.5398828125 0.0307275390625 0.030107421875
3 0.187197265625 0.647978515625 0.0206884765625 0.037041015625