3 0.45671875 0.378505859375 0.027275390625 0.0449609375
3 0.5230517578125 0.403759765625 0.01625 0.036865234375
3 0.6093359375 0.536259765625 0.059072265625 0.0619140625
3 0.6087109375 0.60794921875 0.0635546875 0.07470703125
3 0.5234033203125 0.57921875 0.0267138671875 0.03623046875
3 0.544677734375 0.6867578125 0.021416015625 0.042041015625
3 0.50994140625 0.670439453125 0.0211376953125 0.023359375
3 0.4696240234375 0.716884765625 0.0293701171875 0.03533203125
3 0.4646728515625 0.66779296875 0.01806640625 0.02642578125
3 0.441513671875 0.613251953125 0.016396484375 0.026171875
3 0.46634765625 0.593583984375 0.02322265625 0.034267578125
3 0.42546875 0.57810546875 0.0150048828125 0.033994140625
3 0.4387939453125 0.55732421875 0.022802734375 0.0331640625
3 0.490341796875 0.516455078125 0.03662109375 0.027890625
3 0.44974609375 0.464990234375 0.025732421875 0.039345703125
3 0.355859375 0.531240234375 0.0265625 0.040712890625
2 0.4070556640625 0.54853515625 0.0329833984375 0.052978515625
3 0.702802734375 0.789970703125 0.0218505859375 0.05873046875
3 0.6601171875 0.205283203125 0.04583984375 0.056748046875
3 0.1051025390625 0.45396484375 0.020546875 0.04130859375