3 0.44486328125 0.307236328125 0.0215478515625 0.044716796875
3 0.36806640625 0.272783203125 0.023076171875 0.0623046875
3 0.220888671875 0.537373046875 0.0356201171875 0.041826171875
3 0.25318359375 0.40166015625 0.0198583984375 0.041044921875
3 0.276064453125 0.3453125 0.0131640625 0.028798828125
3 0.293642578125 0.4073828125 0.0226513671875 0.027373046875
3 0.3057763671875 0.44267578125 0.0123291015625 0.017041015625
3 0.1779248046875 0.466943359375 0.0211083984375 0.026513671875
3 0.73056640625 0.663740234375 0.0193408203125 0.03228515625
3 0.767744140625 0.6491015625 0.01892578125 0.02810546875
3 0.6191015625 0.426630859375 0.0218408203125 0.03796875
3 0.1591552734375 0.6068359375 0.0655224609375 0.085869140625
3 0.25025390625 0.724140625 0.03966796875 0.02751953125