3 0.3850146484375 0.2800390625 0.0212646484375 0.032177734375
3 0.422958984375 0.3284375 0.017919921875 0.031318359375
3 0.4524658203125 0.35201171875 0.0133203125 0.031025390625
3 0.5380517578125 0.33638671875 0.019326171875 0.022109375
3 0.5693701171875 0.36498046875 0.01388671875 0.03185546875
3 0.6486767578125 0.59986328125 0.0129150390625 0.03287109375
3 0.6442822265625 0.766962890625 0.01751953125 0.037822265625
3 0.6570458984375 0.791923828125 0.01849609375 0.03474609375
3 0.5538818359375 0.666669921875 0.0186279296875 0.046513671875
3 0.455322265625 0.69080078125 0.02015625 0.02501953125
3 0.4110302734375 0.72498046875 0.020849609375 0.02361328125