3 0.737119140625 0.615341796875 0.014599609375 0.03314453125
3 0.763349609375 0.60501953125 0.0123681640625 0.029248046875
3 0.7978759765625 0.593583984375 0.0200439453125 0.056591796875
3 0.7632080078125 0.552861328125 0.0154345703125 0.01978515625
3 0.7158447265625 0.672529296875 0.0111083984375 0.019169921875
3 0.6497900390625 0.77755859375 0.021845703125 0.03669921875
3 0.6776904296875 0.71548828125 0.021845703125 0.026962890625
3 0.6111474609375 0.429560546875 0.018212890625 0.052197265625
3 0.524306640625 0.4516015625 0.0119287109375 0.034892578125
3 0.3619287109375 0.620927734375 0.01861328125 0.03314453125
3 0.2778759765625 0.493720703125 0.0123291015625 0.0354296875
3 0.23853515625 0.65830078125 0.0184619140625 0.052099609375