3 0.741865234375 0.40681640625 0.0609130859375 0.11552734375
3 0.8155224609375 0.443232421875 0.05310546875 0.062783203125
3 0.797734375 0.582841796875 0.0382666015625 0.037900390625
3 0.8169189453125 0.53166015625 0.0391552734375 0.0443359375
3 0.746884765625 0.61673828125 0.034130859375 0.041513671875
3 0.7113818359375 0.61060546875 0.022265625 0.040400390625
3 0.5493505859375 0.556201171875 0.049736328125 0.059951171875
3 0.576484375 0.62580078125 0.0303466796875 0.045693359375
3 0.6444921875 0.686474609375 0.0436083984375 0.035908203125
3 0.5136376953125 0.779228515625 0.043037109375 0.06236328125
3 0.4667626953125 0.823310546875 0.036337890625 0.050068359375
3 0.462021484375 0.649931640625 0.064794921875 0.079990234375
3 0.341279296875 0.6691796875 0.0264208984375 0.057109375
3 0.37099609375 0.686201171875 0.0255859375 0.029765625
3 0.3310986328125 0.544208984375 0.049580078125 0.063857421875
3 0.2660888671875 0.525380859375 0.05125 0.0457421875
3 0.277041015625 0.460107421875 0.0251611328125 0.037958984375
3 0.2407666015625 0.469169921875 0.019580078125 0.0309765625
3 0.29921875 0.746455078125 0.0338134765625 0.04982421875