3 0.429443359375 0.41552734375 0.0478515625 0.107421875
3 0.3151953125 0.563310546875 0.03451171875 0.074736328125
3 0.6448388671875 0.59302734375 0.0275634765625 0.05546875
3 0.703359375 0.619111328125 0.02390625 0.043466796875
3 0.721845703125 0.60865234375 0.0242236328125 0.042080078125
3 0.5475341796875 0.8030859375 0.028251953125 0.0458984375
3 0.6789501953125 0.73125 0.0221240234375 0.04453125
3 0.68662109375 0.37794921875 0.0318896484375 0.07732421875
3 0.634169921875 0.300263671875 0.030771484375 0.058671875
3 0.5600927734375 0.24865234375 0.023232421875 0.03916015625
3 0.4461865234375 0.500146484375 0.0230810546875 0.05328125
3 0.49236328125 0.5672265625 0.0228076171875 0.051298828125
3 0.389755859375 0.742548828125 0.0419091796875 0.066572265625
3 0.5088916015625 0.7419921875 0.0380126953125 0.052060546875