3 0.752685546875 0.5517578125 0.07275390625 0.1142578125
3 0.560302734375 0.70166015625 0.04345703125 0.0888671875
3 0.4508544921875 0.46080078125 0.03119140625 0.056650390625
3 0.3807568359375 0.4677734375 0.0218408203125 0.044921875
3 0.4017578125 0.506826171875 0.026845703125 0.03375
3 0.3634619140625 0.5496484375 0.0183349609375 0.032890625
3 0.4985009765625 0.509755859375 0.0452685546875 0.03681640625
3 0.4971728515625 0.447138671875 0.0133251953125 0.025966796875
3 0.5208935546875 0.4366796875 0.0196044921875 0.03349609375
3 0.5674853515625 0.55076171875 0.02462890625 0.035126953125
3 0.532470703125 0.56625 0.02490234375 0.035400390625
3 0.6702978515625 0.6068359375 0.0338427734375 0.041240234375
3 0.4533740234375 0.667919921875 0.051962890625 0.135498046875
3 0.3023583984375 0.388828125 0.0212890625 0.037705078125