3 0.755537109375 0.47837890625 0.0168310546875 0.032646484375
3 0.701826171875 0.448662109375 0.0236279296875 0.076455078125
3 0.3967333984375 0.54365234375 0.0458203125 0.04265625
3 0.534072265625 0.60599609375 0.018759765625 0.033984375
3 0.5508837890625 0.5821484375 0.0182080078125 0.03037109375
3 0.4697607421875 0.6559375 0.030205078125 0.061298828125
3 0.495986328125 0.626220703125 0.0290869140625 0.060478515625
3 0.5171240234375 0.562763671875 0.0169482421875 0.031220703125
3 0.46244140625 0.598046875 0.0477783203125 0.05435546875
3 0.4945263671875 0.693447265625 0.0282470703125 0.0554296875
3 0.3727392578125 0.63626953125 0.012333984375 0.024765625
3 0.35208984375 0.554951171875 0.0145654296875 0.0267578125