3 0.4805029296875 0.317275390625 0.04373046875 0.064794921875
3 0.75658203125 0.2995703125 0.0346435546875 0.0712109375
3 0.8396533203125 0.45298828125 0.0314306640625 0.0544140625
3 0.7225439453125 0.523984375 0.025615234375 0.037373046875
3 0.8006640625 0.592890625 0.0367822265625 0.057978515625
3 0.699248046875 0.64546875 0.0303564453125 0.04875
3 0.69931640625 0.734462890625 0.02603515625 0.042578125
3 0.637587890625 0.68716796875 0.0476513671875 0.090302734375
3 0.57990234375 0.681728515625 0.03048828125 0.076630859375
3 0.532470703125 0.73640625 0.052802734375 0.074375
3 0.5831103515625 0.818984375 0.0268603515625 0.02748046875
3 0.456162109375 0.817451171875 0.0240625 0.043935546875
3 0.3473486328125 0.818837890625 0.024052734375 0.063466796875
3 0.3061279296875 0.657744140625 0.0353466796875 0.07330078125
3 0.348466796875 0.564013671875 0.0229345703125 0.044326171875
3 0.413056640625 0.497626953125 0.0181982421875 0.032080078125
3 0.2877099609375 0.451181640625 0.021953125 0.042421875