3 0.555908203125 0.37255859375 0.076171875 0.1337890625
3 0.2381884765625 0.53583984375 0.0512451171875 0.08060546875
3 0.395615234375 0.306259765625 0.0223828125 0.028818359375
3 0.3463720703125 0.344755859375 0.01763671875 0.038837890625
3 0.3001953125 0.36498046875 0.0234912109375 0.043017578125
3 0.428818359375 0.6126953125 0.0285205078125 0.047373046875
3 0.3097509765625 0.611435546875 0.0392529296875 0.09228515625
3 0.2822705078125 0.623017578125 0.031337890625 0.040107421875
3 0.59859375 0.55048828125 0.037744140625 0.05130859375
3 0.601103515625 0.468330078125 0.03830078125 0.057197265625
3 0.6306787109375 0.371943359375 0.0349560546875 0.118330078125
3 0.467880859375 0.3748828125 0.0229443359375 0.043291015625
3 0.4240771484375 0.34029296875 0.02126953125 0.052236328125