3 0.6466552734375 0.567783203125 0.0490478515625 0.0747265625
3 0.5810888671875 0.65216796875 0.0462548828125 0.059912109375
3 0.5292578125 0.622041015625 0.0384326171875 0.0576953125
3 0.57453125 0.58619140625 0.056572265625 0.055751953125
3 0.64546875 0.249345703125 0.0388623046875 0.071240234375
3 0.7798095703125 0.50919921875 0.0352490234375 0.0691796875
3 0.65572265625 0.3826953125 0.0236572265625 0.047744140625
3 0.6790185546875 0.345869140625 0.034541015625 0.052236328125
3 0.5660888671875 0.330947265625 0.022802734375 0.0419140625
3 0.594267578125 0.321318359375 0.03244140625 0.07009765625
3 0.5695068359375 0.422724609375 0.0226611328125 0.041318359375
3 0.590712890625 0.38771484375 0.01974609375 0.048857421875
3 0.5166357421875 0.401240234375 0.01890625 0.0708984375