3 0.480712890625 0.798828125 0.0625 0.1318359375
3 0.366943359375 0.671875 0.04736328125 0.0927734375
3 0.314208984375 0.28662109375 0.0810546875 0.103515625
3 0.231201171875 0.61083984375 0.1494140625 0.2783203125
3 0.33984375 0.5361328125 0.10546875 0.1728515625
3 0.528984375 0.367490234375 0.0235107421875 0.0424609375
3 0.480712890625 0.407802734375 0.0140185546875 0.031005859375
3 0.5558349609375 0.605859375 0.021416015625 0.025341796875
3 0.4432568359375 0.649375 0.0239208984375 0.058798828125
3 0.7021044921875 0.426494140625 0.0238037109375 0.0337890625
3 0.1260986328125 0.453408203125 0.020126953125 0.03572265625