0 0.2734375 0.77978515625 0.06298828125 0.123046875
3 0.29384765625 0.1321875 0.029384765625 0.037822265625
2 0.4115185546875 0.084072265625 0.026162109375 0.038115234375
3 0.378876953125 0.61255859375 0.027958984375 0.0498828125
3 0.7454931640625 0.702509765625 0.0425 0.0930859375
3 0.647421875 0.798056640625 0.0628564453125 0.058173828125
3 0.413125 0.845478515625 0.030615234375 0.052578125
2 0.182177734375 0.735009765625 0.04189453125 0.066015625
2 0.0409619140625 0.471240234375 0.0819189453125 0.18970703125
3 0.8537451171875 0.584658203125 0.0380419921875 0.049892578125
3 0.8424462890625 0.66109375 0.0466943359375 0.046513671875