3 0.77087890625 0.408359375 0.02501953125 0.05443359375
3 0.7011962890625 0.693037109375 0.02376953125 0.04064453125
3 0.5552099609375 0.609765625 0.0233642578125 0.03314453125
3 0.5621826171875 0.573916015625 0.021689453125 0.042373046875
3 0.6493017578125 0.523564453125 0.0315869140625 0.033740234375
3 0.575224609375 0.520224609375 0.025732421875 0.038212890625
3 0.534560546875 0.521611328125 0.0211328125 0.035419921875
3 0.5284912109375 0.406123046875 0.018759765625 0.049970703125
3 0.5669970703125 0.398310546875 0.0176416015625 0.045517578125
3 0.5878515625 0.42998046875 0.0229541015625 0.04466796875
3 0.6140771484375 0.322578125 0.0296533203125 0.047490234375
3 0.5786474609375 0.31978515625 0.0190478515625 0.041923828125
3 0.55158203125 0.31853515625 0.029501953125 0.051123046875
3 0.5393017578125 0.25046875 0.0194580078125 0.03552734375
3 0.5210302734375 0.226337890625 0.0247607421875 0.039169921875
3 0.6151953125 0.264833984375 0.02056640625 0.038037109375
3 0.313310546875 0.644775390625 0.0162353515625 0.04345703125
3 0.458671875 0.768212890625 0.0190380859375 0.02638671875
3 0.4540673828125 0.436533203125 0.019873046875 0.02708984375
2 0.71982421875 0.407236328125 0.032451171875 0.05220703125