0 0.6806640625 0.4501953125 0.0498046875 0.115234375
0 0.47412109375 0.42626953125 0.04150390625 0.0849609375
0 0.335205078125 0.791015625 0.03564453125 0.05859375
0 0.380859375 0.35791015625 0.078125 0.0947265625
0 0.515869140625 0.775390625 0.068359375 0.099609375
3 0.6840380859375 0.594697265625 0.036884765625 0.058818359375
3 0.7481396484375 0.61478515625 0.038134765625 0.054345703125
3 0.5822021484375 0.7373828125 0.0272802734375 0.067958984375
3 0.3082177734375 0.6295703125 0.0239111328125 0.053779296875
3 0.28798828125 0.71326171875 0.021396484375 0.0559765625
0 0.219560546875 0.6848046875 0.0496142578125 0.06603515625
3 0.2094482421875 0.622177734375 0.0250146484375 0.0440234375
0 0.272578125 0.769326171875 0.0653369140625 0.0576171875
3 0.5405615234375 0.4105859375 0.031044921875 0.058896484375
3 0.7117333984375 0.6750390625 0.0263134765625 0.040927734375
0 0.3802001953125 0.2573046875 0.0294970703125 0.039716796875