3 0.173828125 0.59166015625 0.076171875 0.134765625
3 0.249833984375 0.441689453125 0.0209765625 0.05693359375
3 0.3668798828125 0.241259765625 0.0296337890625 0.049482421875
3 0.406708984375 0.2634375 0.0211279296875 0.040830078125
3 0.4481396484375 0.285751953125 0.0191796875 0.0408203125
3 0.4974560546875 0.24865234375 0.0251806640625 0.03916015625
3 0.5459326171875 0.248798828125 0.0216943359375 0.036650390625
3 0.554443359375 0.31462890625 0.0186279296875 0.045546875
3 0.55806640625 0.398876953125 0.0225341796875 0.046630859375
3 0.623076171875 0.408359375 0.0264453125 0.065595703125
3 0.5939892578125 0.3111328125 0.027421875 0.07484375
3 0.6452587890625 0.321328125 0.0296337890625 0.050009765625
3 0.708662109375 0.395244140625 0.0268701171875 0.05611328125
3 0.671484375 0.66109375 0.038447265625 0.079990234375