3 0.2740380859375 0.595537109375 0.021396484375 0.04375
3 0.2689453125 0.67685546875 0.0311962890625 0.06408203125
3 0.326142578125 0.62357421875 0.0273974609375 0.052392578125
3 0.3802734375 0.5675 0.028515625 0.06189453125
3 0.4597900390625 0.6315234375 0.0302001953125 0.056572265625
3 0.3448388671875 0.719111328125 0.029072265625 0.055419921875
3 0.571181640625 0.740595703125 0.0297900390625 0.054853515625
3 0.65341796875 0.673369140625 0.0369091796875 0.05990234375
3 0.7750634765625 0.44908203125 0.022412109375 0.06892578125
3 0.8199169921875 0.47447265625 0.0272998046875 0.058310546875
3 0.64951171875 0.345595703125 0.02240234375 0.034931640625
3 0.4710888671875 0.2793359375 0.030478515625 0.03357421875