3 0.829892578125 0.4301171875 0.02158203125 0.0421484375
3 0.628935546875 0.634873046875 0.0203076171875 0.038720703125
3 0.782041015625 0.582568359375 0.025205078125 0.042919921875
3 0.6701611328125 0.481025390625 0.025751953125 0.040732421875
3 0.7691357421875 0.464150390625 0.0217138671875 0.032099609375
3 0.6209130859375 0.39552734375 0.0321630859375 0.05109375
3 0.59796875 0.496650390625 0.015283203125 0.03849609375
3 0.5577197265625 0.45787109375 0.0274169921875 0.03349609375
3 0.4946630859375 0.405712890625 0.019599609375 0.024033203125
3 0.3306103515625 0.460517578125 0.017353515625 0.0505078125
3 0.292314453125 0.415751953125 0.0099560546875 0.021796875
3 0.28701171875 0.373076171875 0.0093994140625 0.02013671875
3 0.232119140625 0.38771484375 0.0145556640625 0.035478515625
3 0.19201171875 0.447412109375 0.0124609375 0.032099609375
3 0.2470458984375 0.526357421875 0.0153955078125 0.017001953125
3 0.3395361328125 0.82009765625 0.0229345703125 0.040869140625
3 0.3080810546875 0.70265625 0.0147021484375 0.023623046875
3 0.339677734375 0.702939453125 0.0254443359375 0.04091796875
3 0.49333984375 0.675595703125 0.0292236328125 0.030888671875
3 0.4887353515625 0.806708984375 0.0523828125 0.05873046875
3 0.6668798828125 0.7972265625 0.028125 0.039765625
3 0.31861328125 0.40041015625 0.0201416015625 0.019013671875
3 0.43802734375 0.317275390625 0.0156884765625 0.031318359375