2 0.250732421875 0.47837890625 0.06884765625 0.142578125
3 0.7530224609375 0.609208984375 0.027431640625 0.043193359375
3 0.671416015625 0.62650390625 0.0260302734375 0.055458984375
3 0.60431640625 0.690380859375 0.0458349609375 0.06603515625
3 0.491875 0.566396484375 0.036337890625 0.045224609375
3 0.5238232421875 0.476845703125 0.03662109375 0.0491015625
3 0.31533203125 0.50822265625 0.0225146484375 0.03095703125
3 0.30787109375 0.47962890625 0.0220947265625 0.043525390625
3 0.24669921875 0.611015625 0.0258544921875 0.055185546875
3 0.5365869140625 0.6945703125 0.0320166015625 0.04650390625
3 0.536513671875 0.774912109375 0.025185546875 0.02861328125
3 0.4300048828125 0.6906640625 0.0498681640625 0.049853515625
3 0.3669482421875 0.665966796875 0.030888671875 0.11486328125
3 0.4217724609375 0.630830078125 0.023359375 0.04234375
3 0.407822265625 0.521474609375 0.0300537109375 0.042392578125
3 0.3672265625 0.523154296875 0.019169921875 0.03904296875
3 0.355927734375 0.453828125 0.017939453125 0.03935546875
3 0.6375146484375 0.2832421875 0.035234375 0.06369140625
3 0.213427734375 0.48953125 0.0184619140625 0.0549609375
3 0.2793408203125 0.775185546875 0.017109375 0.03474609375