3 0.5024072265625 0.626767578125 0.075263671875 0.128544921875
3 0.6707861328125 0.278359375 0.03548828125 0.084619140625
3 0.7115234375 0.4034765625 0.039287109375 0.075361328125
3 0.72484375 0.613115234375 0.02798828125 0.062158203125
3 0.57125 0.71841796875 0.0254638671875 0.052353515625
3 0.3497900390625 0.71380859375 0.07708984375 0.09056640625
3 0.4387939453125 0.141953125 0.035078125 0.0517578125
3 0.110751953125 0.43931640625 0.0340771484375 0.066142578125
3 0.4378857421875 0.573349609375 0.04666015625 0.15283203125
3 0.3640869140625 0.5002734375 0.015009765625 0.051328125
3 0.3762939453125 0.581875 0.007333984375 0.0331640625
3 0.401337890625 0.569599609375 0.01974609375 0.0309375