3 0.4720654296875 0.439306640625 0.0458251953125 0.137548828125
3 0.4417236328125 0.640576171875 0.0654931640625 0.12546875
3 0.7745703125 0.40267578125 0.0415087890625 0.06357421875
3 0.542724609375 0.286171875 0.028671875 0.046689453125
3 0.5522802734375 0.40458984375 0.023232421875 0.04412109375
3 0.1752734375 0.503193359375 0.0470556640625 0.112421875
3 0.334794921875 0.63041015625 0.021259765625 0.040947265625
3 0.7822509765625 0.643662109375 0.0178076171875 0.047919921875
3 0.6633251953125 0.434580078125 0.019892578125 0.062236328125
3 0.6311669921875 0.32439453125 0.028798828125 0.04833984375
3 0.528564453125 0.664716796875 0.0271337890625 0.03703125
3 0.4291650390625 0.7559375 0.016943359375 0.039775390625
3 0.391220703125 0.626083984375 0.0158251953125 0.02951171875
3 0.2416064453125 0.5398828125 0.0290673828125 0.0858984375
2 0.569296875 0.546162109375 0.0472265625 0.068876953125