3 0.552001953125 0.493017578125 0.075126953125 0.103779296875
3 0.539306640625 0.277109375 0.0363427734375 0.073740234375
3 0.537626953125 0.39775390625 0.077490234375 0.089033203125
3 0.4260302734375 0.50501953125 0.0285205078125 0.0574609375
3 0.4056591796875 0.430390625 0.036767578125 0.048291015625
3 0.320634765625 0.4560546875 0.0230712890625 0.043818359375
3 0.3095458984375 0.603623046875 0.03548828125 0.0655078125
3 0.4973828125 0.6198046875 0.026298828125 0.053232421875
3 0.5454443359375 0.620224609375 0.037314453125 0.045693359375
3 0.6182666015625 0.6087890625 0.034677734375 0.039560546875
3 0.5827587890625 0.700986328125 0.0317431640625 0.05375
3 0.672392578125 0.401240234375 0.03802734375 0.059736328125
3 0.6477685546875 0.487021484375 0.0268408203125 0.0666796875
3 0.3926171875 0.319794921875 0.0241943359375 0.019609375
3 0.4636962890625 0.348662109375 0.0257373046875 0.0578125
3 0.47234375 0.4482421875 0.02517578125 0.061669921875
3 0.1598681640625 0.5525 0.019599609375 0.045048828125