3 0.7748583984375 0.4066796875 0.0632861328125 0.084560546875
3 0.7357275390625 0.440712890625 0.0586767578125 0.09236328125
3 0.6344482421875 0.2839453125 0.019052734375 0.051142578125
3 0.6779736328125 0.288125 0.049189453125 0.0427734375
3 0.7362841796875 0.350615234375 0.0497509765625 0.0561328125
3 0.7733203125 0.534443359375 0.0524072265625 0.072236328125
3 0.6795751953125 0.634169921875 0.066904296875 0.0958984375
3 0.545791015625 0.714228515625 0.052666015625 0.071875
3 0.4678125 0.776298828125 0.0384326171875 0.081611328125
3 0.4021044921875 0.702373046875 0.033125 0.07328125
3 0.53044921875 0.455361328125 0.033134765625 0.0563671875
3 0.4609765625 0.429697265625 0.0269921875 0.06083984375
3 0.4985009765625 0.2962109375 0.0495947265625 0.086845703125
3 0.3587890625 0.349775390625 0.0569775390625 0.071201171875
3 0.258623046875 0.4384765625 0.03966796875 0.081201171875