0 0.23291015625 0.3896484375 0.06982421875 0.119140625
3 0.59130859375 0.61376953125 0.1005859375 0.1865234375
3 0.6497900390625 0.482001953125 0.038583984375 0.045478515625
3 0.477021484375 0.657578125 0.02671875 0.060234375
3 0.5406298828125 0.4794921875 0.0322998046875 0.04603515625
3 0.5494189453125 0.485771484375 0.028671875 0.0334765625
3 0.5087548828125 0.588701171875 0.0221142578125 0.044033203125
3 0.5266796875 0.656767578125 0.0211376953125 0.035078125
3 0.5450244140625 0.690107421875 0.0221142578125 0.037578125
3 0.42791015625 0.44015625 0.034521484375 0.062236328125
3 0.429658203125 0.450478515625 0.0324267578125 0.0661328125
3 0.3575341796875 0.366513671875 0.0399560546875 0.082353515625
3 0.282060546875 0.452431640625 0.0206982421875 0.042138671875