3 0.31640625 0.43310546875 0.09033203125 0.142578125
3 0.476181640625 0.658857421875 0.0272705078125 0.04205078125
3 0.514052734375 0.683271484375 0.0163916015625 0.02669921875
3 0.53009765625 0.64826171875 0.0212744140625 0.03201171875
3 0.544814453125 0.743662109375 0.0151318359375 0.0330859375
3 0.64755859375 0.613671875 0.02630859375 0.04095703125
3 0.6452587890625 0.719677734375 0.0183544921875 0.040908203125
3 0.5690869140625 0.650498046875 0.0200244140625 0.036474609375
3 0.5631591796875 0.71521484375 0.0137451171875 0.031982421875
3 0.23568359375 0.514208984375 0.017216796875 0.03908203125
3 0.1664111328125 0.50724609375 0.0298095703125 0.037373046875
3 0.2339306640625 0.37794921875 0.0197607421875 0.0326953125
3 0.22912109375 0.46248046875 0.017109375 0.02875
3 0.592734375 0.296220703125 0.0175 0.0310546875
3 0.285830078125 0.254375 0.0248828125 0.029951171875
3 0.141513671875 0.367216796875 0.01859375 0.036318359375
0 0.1559521484375 0.629287109375 0.0329638671875 0.072197265625