3 0.6522314453125 0.268876953125 0.0378857421875 0.0544921875
3 0.76404296875 0.546162109375 0.029384765625 0.073349609375
3 0.7172412109375 0.47251953125 0.0306396484375 0.048828125
3 0.7060107421875 0.544345703125 0.0319970703125 0.0501953125
3 0.7192626953125 0.59791015625 0.023349609375 0.0434765625
3 0.615751953125 0.5080859375 0.039697265625 0.075869140625
3 0.56294921875 0.541142578125 0.037880859375 0.040986328125
3 0.54279296875 0.7542578125 0.023642578125 0.0766015625
3 0.5898046875 0.71841796875 0.035791015625 0.052353515625
3 0.6013134765625 0.63486328125 0.0420703125 0.0721875
3 0.521796875 0.594560546875 0.022529296875 0.0278515625
3 0.37259765625 0.784111328125 0.0321435546875 0.05259765625
3 0.30005859375 0.737529296875 0.0265576171875 0.043134765625
3 0.3314453125 0.61478515625 0.03353515625 0.07666015625
3 0.303125 0.497900390625 0.0487744140625 0.064990234375
3 0.3808984375 0.367216796875 0.0197314453125 0.036318359375
3 0.3350732421875 0.43388671875 0.020703125 0.041318359375
3 0.3629736328125 0.44294921875 0.0262841796875 0.0343359375
3 0.39177734375 0.516865234375 0.05783203125 0.064990234375
3 0.461181640625 0.39998046875 0.0497265625 0.12474609375
3 0.3683447265625 0.199130859375 0.0336767578125 0.082421875
3 0.296083984375 0.249208984375 0.037578125 0.044736328125
3 0.0975 0.538076171875 0.0298876953125 0.051591796875
3 0.573623046875 0.3326171875 0.026708984375 0.078740234375
3 0.2892431640625 0.439736328125 0.0341259765625 0.0362890625
3 0.620498046875 0.355908203125 0.0302099609375 0.06115234375
3 0.6413525390625 0.408916015625 0.031748046875 0.055546875