3 0.509697265625 0.234619140625 0.2294921875 0.155751953125
3 0.601806640625 0.6318359375 0.16796875 0.193359375
3 0.2327490234375 0.38029296875 0.1876806640625 0.324755859375
3 0.1219091796875 0.5633203125 0.038466796875 0.0546484375
3 0.455810546875 0.582841796875 0.0435986328125 0.06021484375
3 0.7113818359375 0.290634765625 0.039111328125 0.0980078125
3 0.7965478515625 0.352568359375 0.0261328125 0.04330078125
3 0.7811328125 0.447412109375 0.024599609375 0.04326171875
3 0.892109375 0.551181640625 0.0247314453125 0.049912109375
3 0.8117578125 0.647705078125 0.03552734375 0.042060546875
3 0.527236328125 0.79359375 0.0256005859375 0.049248046875
3 0.4892236328125 0.681181640625 0.0276904296875 0.042041015625
3 0.4466748046875 0.438486328125 0.0262939453125 0.047724609375