3 0.35302734375 0.26025390625 0.0732421875 0.16796875
3 0.7789697265625 0.377109375 0.0746826171875 0.125859375
3 0.531005859375 0.316015625 0.0237841796875 0.05837890625
3 0.5004541015625 0.283525390625 0.0324365234375 0.04751953125
3 0.4339111328125 0.2761328125 0.0420556640625 0.068994140625
3 0.591826171875 0.209736328125 0.04498046875 0.070146484375
3 0.2162255859375 0.5474609375 0.0519580078125 0.07744140625
3 0.3468603515625 0.402353515625 0.032001953125 0.06197265625
3 0.35927734375 0.4619140625 0.03228515625 0.0387890625
3 0.6692529296875 0.437373046875 0.0205908203125 0.045498046875
3 0.656767578125 0.5684765625 0.03021484375 0.051015625
3 0.6483984375 0.649931640625 0.03021484375 0.0465234375
3 0.360185546875 0.739619140625 0.020703125 0.06126953125
3 0.4333544921875 0.747568359375 0.0654931640625 0.074375
3 0.5610693359375 0.426904296875 0.0263037109375 0.055263671875
3 0.5073583984375 0.46080078125 0.0699609375 0.058876953125
3 0.5547216796875 0.545048828125 0.029228515625 0.048798828125
3 0.5719482421875 0.6652734375 0.0268603515625 0.03814453125
3 0.1275 0.573720703125 0.1087548828125 0.123095703125