3 0.4658203125 0.4609375 0.10595703125 0.2958984375
3 0.655517578125 0.43212890625 0.08984375 0.1552734375
3 0.421142578125 0.668896484375 0.076103515625 0.097841796875
3 0.287919921875 0.865419921875 0.0647802734375 0.095244140625
3 0.3364697265625 0.31908203125 0.068134765625 0.1660546875
3 0.2312841796875 0.23388671875 0.05640625 0.128935546875
3 0.063740234375 0.536396484375 0.0471875 0.08171875
3 0.1432568359375 0.627197265625 0.0555615234375 0.0875390625
3 0.24474609375 0.420068359375 0.066591796875 0.13142578125
3 0.65990234375 0.264404296875 0.058369140625 0.134833984375
3 0.45037109375 0.25939453125 0.047080078125 0.0623046875
3 0.43998046875 0.89625 0.05642578125 0.06482421875
3 0.5312158203125 0.656904296875 0.0413671875 0.088359375
3 0.2388134765625 0.711025390625 0.0290625 0.051513671875
3 0.28736328125 0.6476953125 0.0435791015625 0.075537109375