3 0.3126806640625 0.49232421875 0.02279296875 0.049375
3 0.3170068359375 0.680341796875 0.01431640625 0.034794921875
3 0.3301904296875 0.653564453125 0.0165185546875 0.032568359375
3 0.347978515625 0.60208984375 0.0208447265625 0.037333984375
3 0.253046875 0.608369140625 0.0229296875 0.0359375
3 0.2828271484375 0.576845703125 0.0121875 0.023115234375
3 0.3091259765625 0.57642578125 0.0156787109375 0.0351171875
3 0.2788525390625 0.645615234375 0.0131640625 0.02392578125
3 0.3013134765625 0.6503515625 0.01009765625 0.016669921875
3 0.364228515625 0.725537109375 0.0124951171875 0.0247265625
3 0.38662109375 0.572939453125 0.01666015625 0.05994140625
3 0.363740234375 0.493857421875 0.0177734375 0.04408203125
3 0.3337451171875 0.556767578125 0.0143115234375 0.027587890625
3 0.4487646484375 0.490517578125 0.048759765625 0.04630859375
3 0.426865234375 0.54365234375 0.0233740234375 0.029267578125
3 0.484130859375 0.616455078125 0.041640625 0.0576953125
3 0.4539990234375 0.6510546875 0.020439453125 0.04875
3 0.3910107421875 0.69736328125 0.0158447265625 0.029765625
3 0.416123046875 0.647568359375 0.0336962890625 0.046796875
3 0.41068359375 0.697783203125 0.0156884765625 0.02892578125
3 0.6033349609375 0.646865234375 0.017099609375 0.0348046875
3 0.566298828125 0.602509765625 0.0190380859375 0.040966796875
3 0.5855517578125 0.577265625 0.015126953125 0.037900390625
3 0.6057080078125 0.587451171875 0.02072265625 0.033154296875
3 0.204775390625 0.48158203125 0.0190185546875 0.030693359375
3 0.1443017578125 0.48814453125 0.0193505859375 0.033203125
3 0.1648779296875 0.50404296875 0.015107421875 0.028173828125
3 0.5160791015625 0.7055859375 0.0144384765625 0.015537109375
3 0.7954345703125 0.447548828125 0.0162744140625 0.02958984375