3 0.592041015625 0.716796875 0.060546875 0.1240234375
3 0.8312158203125 0.37697265625 0.02646484375 0.0547265625
3 0.6619970703125 0.409609375 0.0239404296875 0.042998046875
3 0.607451171875 0.428857421875 0.023095703125 0.042431640625
3 0.6310986328125 0.37083984375 0.0255859375 0.0446875
3 0.513359375 0.2644140625 0.0324365234375 0.067890625
3 0.472763671875 0.312392578125 0.02197265625 0.05447265625
3 0.502265625 0.362470703125 0.0169482421875 0.032421875
3 0.472412109375 0.670712890625 0.026435546875 0.040654296875
3 0.33521484375 0.687314453125 0.0287939453125 0.043154296875
3 0.325654296875 0.4489453125 0.01302734375 0.026796875
3 0.2865966796875 0.46150390625 0.0186083984375 0.035166015625
3 0.2305859375 0.398876953125 0.0159521484375 0.03546875