3 0.716474609375 0.451875 0.0447265625 0.074501953125
3 0.71947265625 0.375859375 0.0261767578125 0.036875
3 0.7802978515625 0.455224609375 0.03845703125 0.06111328125
3 0.504150390625 0.23986328125 0.0452685546875 0.085751953125
3 0.470390625 0.15171875 0.02908203125 0.05455078125
3 0.4315380859375 0.286728515625 0.038427734375 0.067880859375
3 0.376923828125 0.362890625 0.0262841796875 0.04720703125
3 0.4412353515625 0.47376953125 0.106923828125 0.070869140625
3 0.4190576171875 0.553974609375 0.126171875 0.066650390625
3 0.4397021484375 0.85064453125 0.0514013671875 0.082421875
3 0.562880859375 0.680615234375 0.1140380859375 0.08556640625
3 0.620986328125 0.7608203125 0.0501611328125 0.070185546875
3 0.696591796875 0.681171875 0.0787353515625 0.075517578125
3 0.7885986328125 0.653837890625 0.0762646484375 0.087802734375
3 0.6735107421875 0.56177734375 0.1473974609375 0.082265625
3 0.555556640625 0.555224609375 0.0617236328125 0.0663671875
3 0.2992236328125 0.452568359375 0.0427392578125 0.066416015625
3 0.3165869140625 0.287568359375 0.0330078125 0.075126953125
3 0.2499072265625 0.736962890625 0.055712890625 0.0643359375
3 0.40544921875 0.741015625 0.0237939453125 0.036162109375
3 0.407265625 0.63333984375 0.0469482421875 0.05517578125
3 0.4876904296875 0.62037109375 0.054755859375 0.052109375
3 0.3027783203125 0.56275390625 0.092265625 0.0646875
3 0.595244140625 0.321318359375 0.03328125 0.058935546875
3 0.609892578125 0.429140625 0.04025390625 0.082041015625
3 0.6442138671875 0.456611328125 0.0330029296875 0.06724609375
3 0.6737158203125 0.49650390625 0.0284033203125 0.041005859375
3 0.186083984375 0.613115234375 0.0396630859375 0.05099609375
3 0.191943359375 0.533046875 0.050263671875 0.052705078125
2 0.118564453125 0.5411328125 0.0854150390625 0.152568359375
2 0.2001708984375 0.645751953125 0.02478515625 0.04373046875