1 0.45361328125 0.29638671875 0.06201171875 0.0986328125
3 0.570556640625 0.439453125 0.10302734375 0.1552734375
3 0.4599609375 0.451171875 0.052734375 0.1103515625
3 0.63974609375 0.64142578125 0.0194482421875 0.032294921875
3 0.6525830078125 0.603486328125 0.0274267578125 0.034541015625
3 0.761953125 0.635703125 0.027431640625 0.048203125
3 0.787412109375 0.610322265625 0.021435546875 0.05658203125
3 0.7207275390625 0.70349609375 0.02310546875 0.04203125
3 0.35404296875 0.5821484375 0.0172412109375 0.039296875
3 0.3707861328125 0.62427734375 0.023935546875 0.033134765625
3 0.3841748046875 0.583818359375 0.016123046875 0.031484375
3 0.4045458984375 0.5428125 0.028955078125 0.0443359375
3 0.3557177734375 0.844501953125 0.03521484375 0.058994140625
3 0.381875 0.709912109375 0.0129150390625 0.038125
3 0.4098486328125 0.718974609375 0.021826171875 0.019990234375
3 0.4129833984375 0.681318359375 0.016943359375 0.02837890625
3 0.42986328125 0.660537109375 0.013876953125 0.0230859375
3 0.2157275390625 0.317412109375 0.0375732421875 0.06228515625
3 0.69505859375 0.37265625 0.028232421875 0.038828125