3 0.271728515625 0.3408203125 0.07666015625 0.16796875
3 0.596435546875 0.33447265625 0.09130859375 0.16796875
3 0.647705078125 0.59228515625 0.07177734375 0.13671875
3 0.5383984375 0.534169921875 0.0256005859375 0.043779296875
3 0.4427685546875 0.494560546875 0.0341015625 0.0315234375
3 0.430771484375 0.37599609375 0.0200244140625 0.034365234375
3 0.4422802734375 0.340986328125 0.019326171875 0.039677734375
3 0.40984375 0.266923828125 0.017236328125 0.033857421875
3 0.399521484375 0.679365234375 0.0201513671875 0.030048828125
3 0.46146484375 0.643935546875 0.024619140625 0.03173828125
3 0.4984326171875 0.72302734375 0.0130419921875 0.0364453125
3 0.519423828125 0.717021484375 0.01890625 0.032822265625
3 0.4680859375 0.78634765625 0.03466796875 0.045908203125
3 0.63583984375 0.742275390625 0.0227978515625 0.03587890625
3 0.6193115234375 0.69150390625 0.0246142578125 0.03478515625
3 0.7023828125 0.397890625 0.0254736328125 0.064208984375
3 0.702314453125 0.328154296875 0.0371630859375 0.05865234375
3 0.3526513671875 0.500693359375 0.0190283203125 0.021474609375
3 0.362138671875 0.44796875 0.0223779296875 0.03322265625
3 0.390595703125 0.457041015625 0.0212646484375 0.03740234375
3 0.3177734375 0.453134765625 0.0162353515625 0.02958984375
3 0.3021484375 0.51869140625 0.01400390625 0.032353515625
3 0.367646484375 0.52287109375 0.021123046875 0.03513671875
3 0.403291015625 0.502646484375 0.020986328125 0.0198046875
3 0.3174267578125 0.617021484375 0.0190576171875 0.027568359375
3 0.3307470703125 0.59302734375 0.015400390625 0.022001953125
3 0.285341796875 0.69958984375 0.0685498046875 0.078857421875
3 0.2045654296875 0.4489453125 0.0264111328125 0.037958984375
3 0.2421630859375 0.494833984375 0.0335302734375 0.0711328125
3 0.170947265625 0.41072265625 0.0294775390625 0.067548828125
3 0.2353271484375 0.31853515625 0.044873046875 0.053359375
3 0.1511376953125 0.516455078125 0.0300341796875 0.092587890625
3 0.809873046875 0.44685546875 0.018369140625 0.01982421875
3 0.75560546875 0.445458984375 0.0209765625 0.033779296875
3 0.415703125 0.210859375 0.01779296875 0.027744140625
3 0.7817626953125 0.406123046875 0.01330078125 0.02765625