3 0.6457470703125 0.469306640625 0.032724609375 0.061943359375
3 0.6052197265625 0.34447265625 0.0382861328125 0.077333984375
3 0.535048828125 0.348095703125 0.02908203125 0.079013671875
3 0.5538818359375 0.5476953125 0.0309033203125 0.056884765625
3 0.5171240234375 0.63263671875 0.0336865234375 0.056572265625
3 0.5344921875 0.70251953125 0.0334130859375 0.048447265625
3 0.699384765625 0.615341796875 0.034091796875 0.055458984375
3 0.7392138671875 0.60697265625 0.02994140625 0.03873046875
3 0.7900634765625 0.44015625 0.025712890625 0.062236328125
3 0.699873046875 0.4223046875 0.0193359375 0.0376953125
3 0.3497216796875 0.607939453125 0.0890625 0.143896484375