3 0.24853515625 0.455078125 0.0576171875 0.0859375
3 0.4521484375 0.56494140625 0.044921875 0.126953125
3 0.6821533203125 0.373203125 0.0317236328125 0.062265625
3 0.7182177734375 0.3690234375 0.0187451171875 0.037158203125
3 0.7657177734375 0.483955078125 0.0215771484375 0.0549609375
3 0.7251953125 0.493017578125 0.0175244140625 0.04798828125
3 0.6072412109375 0.551044921875 0.01861328125 0.030107421875
3 0.62056640625 0.515478515625 0.0203076171875 0.034306640625
3 0.6517431640625 0.508505859375 0.0201708984375 0.05048828125
3 0.5856201171875 0.507392578125 0.022802734375 0.0237109375
3 0.5187255859375 0.562060546875 0.021552734375 0.04376953125
3 0.545791015625 0.540166015625 0.0254541015625 0.03625
3 0.5748095703125 0.617021484375 0.0221044921875 0.036494140625
3 0.668623046875 0.633193359375 0.01302734375 0.0465234375
3 0.8291943359375 0.53947265625 0.0244580078125 0.037646484375
3 0.8381201171875 0.47962890625 0.0423095703125 0.06583984375
3 0.902568359375 0.461494140625 0.03728515625 0.079794921875
3 0.77953125 0.62259765625 0.0525439453125 0.081123046875
3 0.7036376953125 0.651884765625 0.0145947265625 0.03369140625
3 0.7309130859375 0.606416015625 0.0144580078125 0.0376171875
3 0.745908203125 0.679365234375 0.0280908203125 0.0412109375
3 0.57466796875 0.757197265625 0.01345703125 0.0350390625
3 0.6016650390625 0.74296875 0.0204443359375 0.04564453125
3 0.5790625 0.69541015625 0.0180615234375 0.031435546875