3 0.7465380859375 0.341826171875 0.016689453125 0.035771484375
3 0.712080078125 0.290498046875 0.0176318359375 0.02240234375
3 0.733212890625 0.303193359375 0.0110693359375 0.017099609375
3 0.6794384765625 0.564853515625 0.019755859375 0.0605078125
3 0.602568359375 0.590517578125 0.0134521484375 0.044873046875
3 0.6271240234375 0.576435546875 0.01556640625 0.030654296875
3 0.6210546875 0.506552734375 0.021123046875 0.03876953125
3 0.5108447265625 0.318115234375 0.029501953125 0.060888671875
3 0.2640673828125 0.2573046875 0.02599609375 0.039716796875
3 0.200380859375 0.34029296875 0.0347802734375 0.052236328125
3 0.3459521484375 0.495810546875 0.012216796875 0.020087890625
3 0.3698046875 0.71701171875 0.0292431640625 0.035087890625
3 0.2885498046875 0.6217578125 0.020283203125 0.031484375
3 0.651953125 0.709775390625 0.016123046875 0.029482421875
3 0.22876953125 0.635703125 0.032412109375 0.045966796875
3 0.2695068359375 0.71744140625 0.023486328125 0.02529296875
3 0.2945458984375 0.7101953125 0.0222314453125 0.03310546875
3 0.325166015625 0.706982421875 0.0209814453125 0.023896484375