3 0.4326171875 0.73423828125 0.05908203125 0.1416015625
3 0.71751953125 0.5398828125 0.0189208984375 0.04126953125
3 0.6154736328125 0.457734375 0.0179345703125 0.02484375
3 0.640234375 0.463037109375 0.0172412109375 0.02986328125
3 0.671416015625 0.4054296875 0.014873046875 0.04021484375
3 0.730078125 0.3553515625 0.0217138671875 0.037724609375
3 0.6168701171875 0.253251953125 0.0350732421875 0.05673828125
3 0.7113134765625 0.264697265625 0.025859375 0.040546875
3 0.2937109375 0.495390625 0.020732421875 0.038779296875
3 0.3184716796875 0.50041015625 0.023212890625 0.042119140625
3 0.3590673828125 0.55732421875 0.0217041015625 0.03986328125
3 0.3870361328125 0.550625 0.029775390625 0.03763671875
3 0.379296875 0.49541015625 0.0198681640625 0.03875
3 0.3177734375 0.599306640625 0.033984375 0.054072265625
3 0.1590185546875 0.384365234375 0.0547265625 0.0845703125
3 0.18908203125 0.477958984375 0.01552734375 0.04017578125
3 0.2031005859375 0.535283203125 0.0223681640625 0.034853515625
3 0.21900390625 0.57935546875 0.02404296875 0.033720703125
3 0.2470458984375 0.526357421875 0.0321337890625 0.050478515625
3 0.2634375 0.6425390625 0.03775390625 0.06353515625
3 0.28736328125 0.376552734375 0.0268359375 0.046640625
3 0.557578125 0.66025390625 0.0249072265625 0.050419921875
3 0.5239599609375 0.540029296875 0.016669921875 0.038759765625
3 0.53658203125 0.6146484375 0.0126220703125 0.02337890625
3 0.5994287109375 0.683408203125 0.02642578125 0.068818359375
3 0.6168701171875 0.641982421875 0.0207275390625 0.0445703125
3 0.6379345703125 0.62037109375 0.0148681640625 0.03203125