3 0.7535107421875 0.63486328125 0.036220703125 0.0721875
3 0.7284716796875 0.5418359375 0.0263134765625 0.050751953125
3 0.6366064453125 0.56625 0.020146484375 0.035400390625
3 0.664580078125 0.5373828125 0.025751953125 0.032890625
3 0.6392578125 0.645615234375 0.021982421875 0.035087890625
3 0.59064453125 0.726923828125 0.02853515625 0.0442578125
3 0.5649755859375 0.560810546875 0.0296484375 0.055205078125
3 0.5208935546875 0.561083984375 0.0285302734375 0.050185546875
3 0.4897802734375 0.62859375 0.02099609375 0.05126953125
3 0.525634765625 0.686201171875 0.01904296875 0.029765625
3 0.4616015625 0.757197265625 0.0230908203125 0.04619140625
3 0.4740185546875 0.6919140625 0.0218310546875 0.038408203125
3 0.4369775390625 0.681318359375 0.0254638671875 0.03953125
3 0.4521142578125 0.6412890625 0.020859375 0.0348046875
3 0.3650634765625 0.615478515625 0.02533203125 0.05294921875
3 0.3762939453125 0.555927734375 0.0261474609375 0.04265625
3 0.297265625 0.60013671875 0.0292431640625 0.061328125
3 0.32349609375 0.55955078125 0.0243310546875 0.05548828125
3 0.463623046875 0.32955078125 0.0257421875 0.033544921875
3 0.4856640625 0.273623046875 0.019599609375 0.04724609375
3 0.8218701171875 0.399287109375 0.033525390625 0.05025390625
3 0.7853857421875 0.4931640625 0.0428759765625 0.04546875
3 0.3130322265625 0.298447265625 0.036884765625 0.035517578125
3 0.1735986328125 0.562763671875 0.032548828125 0.05353515625
3 0.4417236328125 0.82177734375 0.0293701171875 0.033056640625